box -0.1570539528003599 -3.9978984444300623 -1.1250832515566147 0.021470084316125116 0.04043227164040989 0.026704115948538592 0.590994777304378 -0.5275761169574242 0.33259088755053834 0.5116365072328398
box -0.16311483859508086 -3.2611062671421105 -1.1297638124690903 0.01997407729146738 0.03441542958513288 0.028592899038953748 0.5324995123802911 0.47080543736073543 -0.47434707867734205 -0.5194048116994971
box -0.3901346123929448 -4.0182140846795456 -1.168750438914792 0.02803451975017592 0.08661989118096541 0.02572412881046025 0.5298997547544431 -0.5790157147000008 0.30757933945687965 0.5379051979493203
box -0.375391407971849 -3.2636317759593814 -1.1054901664294108 0.020454162239512134 0.07870028000436291 0.027519220158714306 0.5314233056534354 0.4751590134011315 -0.4775804528271158 -0.5135465833490529
box -0.40956630480783623 -3.642454040522923 -0.5297202108389046 0.01956577149969242 0.040045490129187435 0.014716010514697384 0.4848476298965877 0.4862778173449047 -0.3131595560018531 -0.6560394444137179
box -0.41850993482824994 -3.448078990449977 -0.5196516925150803 0.4102822892306699 0.8983075528843407 0.009439392307727923 0.4947774845951461 0.5057889615134797 -0.499656947730322 -0.49971562086214005
box -0.27332543632472406 -4.003621142399424 -0.5420554761818948 0.4234114824057764 0.6350299537598482 0.02645305132519868 0.507153482854407 -0.4998582499039364 0.4996612961533603 0.4932298287390597
box -0.25936794810178243 -3.6438207264243414 -0.0583230679482446 0.7770316456589798 0.07845330976849409 0.32588172895019457 0.5008573678493536 0.49891243759146153 -0.500335839959165 -0.49989231234328846
box -0.27491472250168625 -3.250327275322188 -0.5753755669035312 0.008954291623612137 1.0071029626080379 0.2852619866674556 0.4978618655968483 0.5004926251172093 -0.4993541492471065 -0.5022809259940181
box -0.11309676492722054 -3.631979887487004 -0.5344324508576141 0.7864229925126421 0.9265445284179877 0.015733574300458974 0.4978585863311545 0.5019562936715302 -0.5008334119422684 -0.4993421679992101
box -0.16048531438620556 -3.633181226672733 -0.9068181830106086 0.7939621207191722 0.371322938530187 0.07297293904393354 0.04027399595208887 -0.7081167616078003 0.7040563609718917 -0.03540194564074172
box -0.4048180969570967 -3.66115739029852 -0.554482989615004 0.007987250176833698 0.04751887561932005 0.004792346452510038 0.521800601223209 0.4840717870482284 -0.4888701672260827 -0.5043853657109555
box -0.3947780500267939 -3.835947448734748 -0.5448563292004697 0.37072511383874385 0.9849107871441781 0.022854881015686626 0.49884378735116225 0.49835250055843 -0.49987157830945306 -0.5029195424784411
box -0.27092581995563036 -3.6339581966648535 -0.5447953971186029 0.7642882505031356 0.03275700791308823 0.27737757869502067 0.5028004155523175 0.497551606938836 -0.49621901137412905 -0.5033893456400133
box 0.5253038240876169 -0.9285792085527291 -0.48923091545857217 1.3104012925445165 0.04244473477565144 0.6797236539237971 0.7092392275700453 0.7045916061468981 0.01619954654513911 0.0163695239671652
box 0.5426393152359519 -1.0202134327608776 -0.7402165318859548 0.32391202504782224 0.339231208523892 0.039360056258283496 0.7090485020427085 0.7049176357829063 -0.002778102231717261 -0.018265559428028426
box 0.29254398802925563 -0.9218199401008457 -0.5452543088850559 0.044004066484047824 0.03339275958856551 0.0714424274826811 0.45030425481982433 0.5678817859628391 -0.4527666579464278 0.5193637537553439
box 0.15679330208751074 -1.0935823727944594 -0.9674877589937199 0.4860095730922567 0.060529750952862824 0.03546347179095384 0.6639294721422443 0.6660230813874173 -0.3387301603197579 0.029543012200549525
box 0.7407427794066117 -1.0604070834934833 -0.9780787123304272 0.0454432766915396 0.0804712042971157 0.2481848156003016 0.759238649840015 0.5652785607004437 -0.22330098640181273 -0.23270902619692987
box 0.19338311809538938 -0.7656939331625612 -0.94555023752193 0.6077987255380738 0.060310569322941224 0.04154394395094589 0.7064205741710918 0.6443022250866772 -0.04006014773889999 0.29024093387955985
box 0.7911297713418167 -0.7487851727999724 -1.0419944441386013 0.017613683387335727 0.13606437509608652 0.2610535928796856 0.33294022033059734 0.9163810854887086 0.13030929838874317 0.180044446174224
box 0.47608685727338335 -0.8788678851426891 -0.8056874228658018 0.7131268865383932 0.07013216296774002 0.1617527637508305 0.0002607625238359635 -0.9991327062165886 0.03582694626456025 0.021217853156687425
box 0.5580420104601898 -0.9043877976737863 -1.0072812958995765 0.012864389705056234 0.13689200604965773 0.10938890089132898 0.4969700981552311 0.5276632524696248 -0.5095820745866337 0.4635928416107605
box 0.40179957254447923 -0.8592176206730355 -0.6266201499089127 0.14947158964156357 0.06892443069109443 0.03764672682286845 0.7388779335107409 0.6737335701449282 -0.011691176069164921 -0.0024067057955074137
box 0.391265572062372 -0.17616378161505564 -1.0141818889968817 0.03832957653302925 0.041837927042536215 0.3133041345653449 0.01791083374641506 0.002073702627102931 0.9964619556355 -0.08208820111926687
box 0.00033772473992269014 -0.5389780292381732 -1.0097444500508037 0.02990323590724274 0.040991045458797 0.34243221990241285 0.010885959749465246 0.06685497655864284 -0.9965060456506221 -0.0488631657942535
box 0.022313366612276758 -0.1806739375707215 -1.0205325819052788 0.03334164281393829 0.040189046352625706 0.3398992341634815 0.015094387481506233 -0.019033531519210067 -0.9971010025630578 0.07210738403389083
box 0.40114782794056697 -0.542480351660303 -1.003142131000082 0.035076056035213105 0.03421609081231228 0.3301548538864634 0.007121587298259116 0.035746728067166 0.9981701218393149 0.048247925283197664
box 0.20631275422323933 -0.38289654606363677 -0.8100426863280387 0.39890927275187593 0.0510925926261667 0.37710513762296755 0.0005232621125584856 0.0011011251849899018 -0.7156996363567975 -0.6984071479007339
box 0.21101641581108033 -0.4953599864018725 -0.8345431277915317 0.0175336715129714 0.038317231794930115 0.31259262235607443 0.5212141503113655 0.463274683722953 0.530750814912108 0.48168033944384003
box 0.004942251558452626 -0.18267218365039886 -0.6531223823325746 0.032660356165831184 0.03729679973009011 0.2972900219418717 0.0014980439493903319 -0.015695858362260597 -0.9959671310745324 -0.08832253231063489
box 0.3938254686665662 -0.19436440254982415 -0.6397824964049249 0.03447372224651216 0.050414911733864975 0.3507217407627123 0.0012287942077720566 0.020055993332135483 0.9986958547075663 0.04693439022912376
box 0.20762780101028255 -0.20979328552969992 -0.5907016100226108 0.3329403398892761 0.034558155820847335 0.39314272855759674 0.0006796860833554641 0.00570702531651385 -0.9974314541398844 -0.07139651378926654
box 0.007914853162485691 -0.5312527725271334 -0.7075262513188401 0.02369225863480958 0.024043133576892913 0.09940978445228367 0.01881048179355425 0.00504599139308338 0.9972591966831937 0.07137785634457487
box -0.017182274075324994 -0.2201604101424967 -0.6970939363431312 0.02192748097520987 0.02780955109737922 0.19057808478258953 0.01807246182636665 -0.11879601940416991 -0.9898329501422919 0.07610271158024128
box 0.03337528968608139 -0.374403711790602 -0.6281377704786173 0.03190002926223714 0.029167522755780637 0.3127539860030874 0.00020829246790127375 0.0062379954382974796 -0.7017309276808558 -0.7124147311526655
box 0.007396939480380921 -0.5338577895308303 -0.7446235794973148 0.02658104108908548 0.036057248542578184 0.1259440991007748 0.01136729797889116 0.05331833284121391 -0.9976830490722892 0.04069979746280193
box 0.38163414832341835 -0.5250426792586516 -0.7253864386645762 0.030509981298108012 0.034135584986910376 0.11154572633123944 0.004933520768713483 0.05060063642952025 -0.9950828226912942 -0.085002423203568
box 0.39530761103111867 -0.36738945072117885 -0.6413556090685033 0.012200749364680534 0.04386210268342355 0.2523105519854083 0.034424302619878624 -0.10308301402366979 0.8284611771787188 0.5494005255881924
box 0.38118420363317473 -0.46274897960233685 -0.7117582535792154 0.018858047022142554 0.052973155774903385 0.09220320069405549 0.01501345507321981 -0.014295992265055256 0.999465309307114 0.02528470414216512
box 0.38040333960544015 -0.34772319848885846 -0.6863458633966537 0.028176488842183732 0.04120989093272955 0.35604460930622644 0.0034401044716881064 -0.020808153013944786 -0.6906058840407296 -0.7229237161538514
box 1.043065477094693 -0.17160406045008955 -1.0208487429598774 0.036564594984228045 0.03606379395717434 0.3138251328689419 0.015957696922445176 0.00256955216400138 0.9971647032506783 -0.07349356367461443
box 0.641674885958785 -0.5348985377019978 -1.0209577681880704 0.03008363238705871 0.03980357852759176 0.3362279297391273 0.01392629535158314 0.07729181923886594 -0.9961673183449885 -0.03850593250243198
box 0.6699794010942429 -0.17770372631457998 -1.0248058767302226 0.03745119261802835 0.040652622769178845 0.3433407406175681 0.014128909632950456 -0.009688944220907608 -0.9978333390461287 0.0635226397477402
box 1.0534507932337867 -0.5391033906520912 -1.0106114626463631 0.035165678557964035 0.030846383440372112 0.3281516297258858 0.008987197525105217 0.02878091353391221 0.9982930245555769 0.050019260495092796
box 0.8609478702719623 -0.21557456442756187 -0.8618130557962784 0.2808605333014999 0.0776947984521621 0.013992640760606245 0.0020479964283125662 -0.03166127335011189 0.7586876883454762 0.6506814589593567
box 0.8567996391289081 -0.3803647635788478 -0.8139702289002757 0.41145057817393244 0.05920981524274081 0.38526607334480467 0.0014599367069427077 0.00015426069379927446 -0.7198508021238402 -0.6941272703691405
box 0.8503420796172718 -0.5005473040409387 -0.8389541506678054 0.02176959200499485 0.051859144293289076 0.32045279221698797 0.507611864811953 0.4656746849722805 0.5325644122407844 0.4917849421167005
box 0.6453434759779006 -0.17864025468950334 -0.6630992545579515 0.03142486444864719 0.033314278215573194 0.3137001625667664 0.008445560068126436 -0.011601909917684668 -0.9966732303837105 -0.08022805019378976
box 1.0478124979659627 -0.19448951743281828 -0.6597920565575963 0.038902041912392084 0.04864354086491153 0.37623408396736224 0.0005100258730400993 -0.022474466474783794 -0.9981525237093203 -0.05644623674787632
box 0.8580562357531596 -0.20902466959162116 -0.5996110817245235 0.3437931345691612 0.032664942946803145 0.42240994372634366 0.00014966912937143466 0.0069428254565989285 -0.9979624928850522 -0.06342426640082353
box 0.6478351620151451 -0.52380008005107 -0.7008139553353379 0.022751906077076337 0.0262469854038764 0.1061870700394135 0.01103895948249297 0.002685637637253816 0.997855802131422 0.06445717087090612
box 0.6670249341656158 -0.3661759744711599 -0.6165557591538519 0.033093445801496583 0.033088737614776605 0.30896575980353536 0.0016187240451386374 0.012295764636299202 -0.7024387914435543 -0.7116360995479314
box 0.6375962110476223 -0.5233335525985983 -0.735415178193825 0.027026094860956505 0.03305108538224692 0.11334541099140207 0.031486082583039456 0.05335970344573667 -0.9972151370169986 0.04151312028655296
box 1.0291113267525878 -0.5300444509780801 -0.7149884682445405 0.036978194540934636 0.03717690961776513 0.12381103589915006 0.000535282512441292 -0.028778664622800345 0.9963571131198834 0.080274560544246
box 1.0404932481514984 -0.35124819376514393 -0.6814678936786742 0.027602648109567796 0.04310325615696493 0.37957400952815046 0.004930991158822444 -0.017923679861246176 -0.6925099918231282 -0.7211687307777246
box 1.8322416413237161 -0.18513382706858228 -1.0816519761277337 0.05391711683068402 0.02761397527294183 0.1734632303336567 0.0800699317708182 -0.7010553982097308 0.708472766450055 -0.013284346646269245
box 1.8123739105181649 -1.1965483977957887 -1.0560317948452684 0.06674187360749065 0.03842381716298619 0.05116268022648938 0.5837376035853582 -0.5165679619280913 0.3522160235502927 0.5180268560840264
box 1.5248312002347109 -0.2086975340850894 -1.0679389945275841 0.015494323130099566 0.013958608874982962 0.029476923726675906 0.2626312552178067 -0.2702931645555485 0.40394677461617345 0.8335426997187706
box 1.512695452150094 -1.2043683858786922 -1.0658742466405742 0.07057939869671895 0.049191060863753425 0.05902373122303116 0.4916297247123812 -0.6241966989344011 0.28662963558351595 0.5352776352734024
box 1.4960381001405738 -0.6873877826202098 -0.733536206619758 0.022240449019406455 0.020423596019923673 0.018150690315413935 0.4739402988805723 0.05117714533047596 0.3451125643933294 -0.8084916887579473
box 1.5103123216125494 -0.3812950818474945 -0.7587926522399003 0.49621040739015887 0.4254545250875553 0.014527992030188605 0.4980210215697093 0.5050106333653787 -0.4990547021433216 -0.49787922886097824
box 1.6792989676591263 -1.2279064719216115 -0.7820096681458363 0.726793975495287 0.29622947241422215 0.040382511534005086 0.5010277575582514 -0.5010410323252823 0.4987553812458767 0.49917145327116413
box 1.644468383691176 -0.7043306452448034 -1.0300807646639494 1.153052138343801 0.19359787230182016 0.022375572241958127 0.0010653158670914807 0.7067693114891304 -0.7074112295848125 -0.006734812290476252
box 1.6284384022360103 -0.6979155883129073 -0.4991548840499365 1.1136238067142072 0.051019668722000956 0.29147784267871935 0.5017361820616696 0.49713489069811123 -0.4973941161120139 -0.5037030844832148
box 1.6630878598038101 -0.13371919008260413 -0.775615314784922 0.028557404841312126 0.5598036398687385 0.3794987242679507 0.49757388247843976 0.5015824876960607 -0.4971768634733348 -0.5036371768831013
box 1.856212683262159 -0.6979908390403976 -0.7629881156784915 1.1681787012096512 0.5791838852166002 0.03464269911914636 0.5008372534423543 0.4999528284281636 -0.4983716193456934 -0.5008342479720709
box 1.7652188463120133 -0.6823400236520353 -0.9956401488297684 1.1503295393644115 0.1079982691275499 0.1133149015499891 0.05204514167195628 -0.7041215128052197 0.7068639195372539 -0.042983690973035144
box 1.4871208640760771 -0.7011461799292891 -0.7470907476761567 0.010111447204674245 0.01819250878780392 0.011567159920278207 0.5401204004754911 0.46659622236078896 -0.4742366871771089 -0.5154197151876497
box 1.5318742599322086 -0.9793088229305156 -0.7442149376975753 0.4599222077085562 0.4372773524033226 0.018763381381065116 0.4973735509211525 0.4992058030332531 -0.5041713215576695 -0.49922379308362463
box 0.31140194609554145 2.775141274511993 -1.1314291996556056 0.7900286217598547 0.005713014858343617 1.1659722758168394 0.7010238928411491 0.7131369454566964 -0.00032497445972135 0.001045505683676882
box 0.30977199469826333 3.0798533955582643 -1.1415872152945834 0.45273501210112127 0.005997567275669689 0.09386630529543648 0.7174796228121629 0.6955379579914734 0.03720480724142117 0.008108153951205104
box 0.015686154567888633 2.8867501999635277 -1.1678423213277567 0.5942734045641729 0.0036680268210224566 0.14658605639835284 0.5300396815483346 0.3942565975173435 -0.3690296129745583 0.6537865217684097
box -0.020476581893566326 2.613647601210076 -1.173574794710352 0.5092079732838191 0.017225048631547824 0.2827829990811081 0.40936125946815866 0.5838213001987781 -0.5855432360337289 0.38563605564832704
box 0.6786282450308971 2.7050901462397587 -1.169795097580706 0.4622579525207879 0.0019410097422994713 0.1704582993552886 0.1738243277558787 0.6905370562777675 -0.534942043737981 0.4547314447329154
box 0.6775242911728394 2.778858450682811 -1.125806358350356 0.44669543388871685 0.0071016911139055484 0.12399914425736487 0.022060377658086876 -0.7334834391445719 0.674203494522816 -0.08345676851793907
box 1.7782422837773708 1.763191275834242 -0.9992640342147852 0.18342387679742533 0.03865779659813806 0.8582252388052751 0.06411119816427512 -0.7013051161014412 0.7090427435461615 -0.036321842249778385
box 1.145070489814161 3.78547904443261 -1.0093151136807221 0.1649290871167591 0.04726225427031056 0.8562534685177846 0.11472873654965263 0.78421189934239 -0.60673558786064 -0.06099951116955962
box 1.7816269053258036 3.724004116638088 -0.9936211544665412 0.19799755609608558 0.04411809650933167 0.9458756376467958 0.03899725298319691 -0.7023364290695242 0.706786534677658 -0.07520338463115588
box 1.1408109524834047 1.7144457184201418 -1.0047882581717418 0.23547661376270348 0.04193269488883947 0.8310760785361069 0.02597723449766826 0.7257452209570808 -0.6780302000734497 -0.1135522141315135
box 1.3895184606054294 2.714139314604321 -0.8181842341990314 2.3037192284854173 0.05630043440526429 0.7765878546978987 0.5007878171365258 0.4985515949312975 -0.4963945062433853 -0.504232449938001
box 1.3862422886144152 2.7127748188611363 -0.8156497807262554 2.129113063383866 0.03638501391636205 0.6096144936427828 0.5068343694939255 0.4928974440697742 -0.4883033532466453 -0.5115963904654337
box 1.7658666417547981 2.697256599458945 -0.4652151803574037 1.8981457857454755 0.044594675071119826 0.10890701141550312 0.08359609371558259 0.7027312717761622 -0.7009668398983477 -0.08846435523010075
box 1.7583036903244518 3.655257564104524 -0.6649515900753638 0.2532141770516174 0.051906449065910326 0.7418909884306106 0.0544677700635718 0.7004765700534817 -0.7110752985450846 -0.02716167574783686
box 1.7663567819983124 1.8784154386496479 -0.6683224383239068 0.2540927510105647 0.036014475933486396 0.8506436542681511 0.047681048828055926 0.6749889612765491 -0.7347321718901064 -0.04780225232255389
box 1.7749887392068264 2.7302990198755377 -0.6072665915831281 1.5627143608363239 0.019228752950617132 0.5399447853499559 0.0726558917434796 0.6931624728834296 -0.7141923470005217 -0.0646235179093128
box 0.15657163331681226 0.9976439975657704 -1.057018793165029 0.09649019977058132 0.040852354834236625 0.48914419831486966 0.05745258123450446 -0.9791576446630406 0.19191126382806814 0.03346004517828635
box 0.5713182309058606 1.6834985136990848 -1.05846708129921 0.060015947442422724 0.03424781964613881 0.5403048790386283 0.06076143212784809 0.9906072191673689 -0.12143267941921601 0.0161086954262334
box 0.7993289594449584 1.2550704133242259 -1.050098073949259 0.06252332614116318 0.03296494977998227 0.5002333549610121 0.04899734187297447 -0.9788432840674439 0.19246633603395005 -0.04921173863125425
box 0.0027027149758210856 1.455435523713405 -1.0577309714423953 0.06631930924792562 0.02994048634192493 0.4834878366209465 0.04316626861107168 0.978822914339486 -0.1929335693912285 -0.053094382189759266
box 0.37811740775915115 1.359516355714476 -0.8796458987003031 0.8177828541492861 0.06887851903643398 0.6091065763573819 0.6894279329387746 0.6948603217060291 -0.14318224023450787 -0.1461407016672289
box 0.4872320483086838 1.1104367805653494 -0.7350454292452129 0.6117692975897363 0.04860015262662078 0.6703694923299454 0.17580001718837943 0.9633617403295222 -0.20015539596754073 -0.031085827814567688
box 0.4797441435299365 1.144486948268915 -0.6831824801762467 0.6467514773478165 0.034548068432775726 0.5355282287270398 0.07795710049848963 0.9754887190950039 -0.2052570843726715 -0.014628011316891553
box -1.7012963458734522 2.601313261879051 0.1617922489511796 1.7884445185256557 0.12449715390960449 0.387720594885943 0.5123935161427342 0.5094419153184486 0.4856258152611994 0.49202579920513406
box -1.7054281699998586 2.4980520289132175 -0.6342007584759903 1.6437425480557322 0.04687725109885603 0.13271913488747852 0.4597723905967042 0.4306857450033947 0.5549315113006544 0.5432956429619452
box -1.5674540957513015 3.1620048297981844 -0.5818707340479725 1.72057477440706 0.11378517476115556 0.026827824874462787 0.46427171605059125 -0.5446327377624852 -0.4631566522401347 -0.5227933340417508
box -1.8425193074345265 3.2746762933981772 -0.5034435333420796 2.041531394488144 0.11821284948109159 0.044204160518419196 0.20493014936847612 -0.692440113904575 -0.2417057753037054 -0.6481578825567641
box -1.7444045228182699 2.4977514135806564 -0.5451573530146533 0.979847794276525 0.032363167388621994 0.041881962530962845 0.286915796472073 0.8066463004250789 0.46981227388871405 0.21512205616543711
box -1.8404902508484318 1.9148421253758836 -0.5212500747574061 2.0288680897146776 0.13653464248012934 0.04582517794807929 0.40388674570527244 -0.5814384222921442 -0.39440944869741634 -0.5858720376534684
box -1.570232739110714 1.9316110529253365 -0.542678394179279 1.9794179719739373 0.09509467079182296 0.0459277044077318 0.1305006034851459 -0.7101238694817467 -0.10991059253550672 -0.6830910218490487
box 1.378253347120116 1.2967300811708045 -1.0770035123829416 0.2021979876180769 0.36582832519709135 0.03127620388444281 0.5058378353113652 0.3917398821011582 -0.5111031065621732 0.57397000235324
box 1.3887136699806772 1.3533083642388595 -1.175375551161627 0.41503600526018153 0.03233042710006493 0.031840456911777185 0.5596989326865587 0.8282610937271797 -0.01926352966336009 -0.018697106521913
box 1.1207611984388914 1.1644888403090514 -0.9461850961449975 0.577179830692997 0.02923799870858189 0.5372769629753507 0.5022146247471801 0.507252623171896 -0.5073144795986274 0.48281183266864214
box 1.3777489249325028 1.1351727918037833 -1.1701995741261841 0.4639556100565385 0.030332858359678947 0.44121140689858585 0.7284928179815162 0.6850089099253854 -0.006718735845587576 0.003983222416791771
box 1.3921976153351796 1.385514021596409 -0.9580035753192969 0.4458847191101045 0.1716319925117473 0.04090611764975562 0.7115039931186711 0.7026334702316755 -0.004891332399058368 -0.006659516029029196
box 1.630063129470079 1.1618799536052424 -0.9629636046511496 0.46198517493794045 0.02371883524267148 0.6521854272083721 0.007140351655912536 0.6905481124189049 -0.7232286997384034 -0.005706810634273451
box 1.387498670335397 0.895238763068916 -0.9491105098035942 0.5199144905765223 0.005894337390841825 0.63014742424382 0.007516089503292314 0.9998579687420289 -0.012496398070079563 0.008449306297961059
box 1.3824997571194073 1.4031721019782175 -0.7978974111867365 0.4631640083987188 0.1708872782709594 0.029292003883848332 0.706632523862459 0.7075792247228305 -0.0008817298357756131 -0.001157373278687082
box 1.3890774032620083 1.1616264591380294 -0.68796000536762 0.5346225761232491 0.02383872333167883 0.5375690910882474 0.7067363210877246 0.7074449219261295 -0.0009204301848303453 -0.006678899954051393
box 0.5138699416365168 -0.835095365271582 1.1141145204626595 0.03588640795941658 0.16482593116898556 0.012350817733429924 0.9959687478960636 0.002666420307534601 0.0033870392300654473 -0.08959727329748846
box 0.5157858696931242 -0.8334629719826733 0.4541554976885719 0.012095976692764935 0.8820460804130614 0.18407078858854684 0.5479418898731538 0.4396813156524967 -0.5524481939348386 0.4485989511874283
box 0.5140038240876166 -0.8317789082019593 0.29592400115523776 0.03233100959913461 0.8181103909859296 0.15875848451320276 0.6406112610888648 0.24406598739482868 -0.681583496987323 0.25591588969357393
box 0.5150143673921448 -0.7962316305076359 0.6764802028600613 0.006394070373468124 0.06683435976641226 0.11151376860642535 0.9250409876553666 -0.3567818686528395 0.0341090145366677 0.1258667727619561
box 0.4758076500731421 -0.8499950140940744 0.6617872471827194 0.012724058689133077 0.08828602456607383 0.11095339264166997 0.8290220275155488 0.24090164020053395 0.20546235875531627 0.4609491260187
box 0.5395259828239808 -0.84742044406316 0.6469262433103232 0.034940148274196656 0.2259625107091926 0.13500987287421218 0.7860781462156473 -0.0384106133354286 -0.3055516490570087 0.5359514554359476
box 0.06360776601348678 2.6696345358174507 0.8764749165732513 0.06031777867766361 0.21349789206792685 0.5828788190829737 0.9055586624746844 0.041127231433267124 -0.3974580318244725 0.14247516481797926
box 0.08965895562492436 2.684459944124647 1.1882739129138145 0.13829923963639326 0.156473727314435 0.043986080414217206 0.9923157770664435 -8.838196052629645e-05 0.017392576047712494 -0.1225026084296737
box 0.09081506683529295 2.691765641639058 0.49556596197355984 0.07296537096751059 0.8275992509498267 0.7057659930801766 0.5938412401705766 0.36703332561584984 -0.602512796257555 0.3868041490288638
box 0.07673922301511306 2.6879056908701524 0.40060661506397705 0.06559627526579975 0.37613323292053785 0.2330929630303247 0.6732757362009901 0.16464927127765938 -0.7063634978299609 0.143669793081822
box 0.07448231970892918 2.661458594042662 0.6809142192864894 0.4146203539025099 0.49196691959186944 0.681493467375535 0.8868430165353606 0.15952497656056736 0.0377465695260647 0.43201440064519503
moveable -0.40988955145751316 -3.635588496195985 -0.6284254213698645 0.797325288352449 1.177481134748673 0.0509040068963626 0.500002276056044 0.5000022760335956 -0.4999977239560438 -0.49999772393359554
path arc -0.40988955145751316 -3.635588496169309 -0.03425628702441352 -0.40988955145751316 -3.635588496222661 -1.2225945557153155 1.1883382686909019 90.0 -9.104200000109584e-06 0.9999999999585566 -4.489658644671219e-11 
moveable 1.4890054532634087 -0.4805714409332218 -0.8071286249999998 0.6773688027429928 0.6134131718439965 0.06739822830320466 0.500002276056044 0.5000022760335956 -0.4999977239560438 -0.49999772393359554
path arc 1.4890025017764326 -0.1563818387794429 -0.8071286250145548 1.4890084047503849 -0.8047610430870007 -0.8071286249854448 0.6483792043344287 90.0 0.0 -4.489658644857286e-11 -1.0 
