(array([[0, 0, 0, 0, 1, 1, 1, 1, 2, 3, 3, 3, 4, 4],
       [1, 2, 3, 4, 0, 2, 3, 4, 1, 0, 1, 2, 0, 1]]), array([[ 1.64600000e-01,  5.80700000e-01,  1.90910000e+00,
        -6.82100000e-01, -1.64600000e-01,  4.16100000e-01,
         1.74450000e+00, -8.46700000e-01, -4.16100000e-01,
        -1.90910000e+00, -1.74450000e+00, -1.32840000e+00,
         6.82100000e-01,  8.46700000e-01],
       [ 7.93283500e-01,  9.65299782e-01,  7.05102251e-01,
         1.01531375e+00, -7.93283500e-01,  1.72016282e-01,
        -8.81812491e-02,  2.22030250e-01, -1.72016282e-01,
        -7.05102251e-01,  8.81812491e-02,  2.60197531e-01,
        -1.01531375e+00, -2.22030250e-01],
       [-1.88796132e+00, -2.94566132e+00, -1.88547478e+00,
        -8.31461321e-01,  1.88796132e+00, -1.05770000e+00,
         2.48653846e-03,  1.05650000e+00,  1.05770000e+00,
         1.88547478e+00, -2.48653846e-03, -1.06018654e+00,
         8.31461321e-01, -1.05650000e+00]]), array([[ 2.93779931e+00,  1.19715653e+00, -4.45012520e-01, ...,
        -4.99999820e-01, -5.00000528e-01,  0.00000000e+00],
       [ 2.94110721e+00,  1.99821369e-01, -2.67834096e-01, ...,
         7.07106781e-01,  0.00000000e+00,  0.00000000e+00],
       [ 2.06280241e+00,  1.74087070e-01, -4.99528677e-01, ...,
        -6.12323400e-17, -3.06161700e-17,  0.00000000e+00],
       ...,
       [ 3.50222782e+00,  1.52791729e-01,  5.79724428e-01, ...,
        -5.37602587e-01, -4.59334251e-01,  0.00000000e+00],
       [ 3.50222724e+00,  1.53369123e-01,  5.15603720e-01, ...,
         4.59320683e-01,  5.37614207e-01,  0.00000000e+00],
       [ 3.61990000e+00,  4.79932670e-01,  4.10300000e-01, ...,
         3.91519260e-06, -7.07106488e-01,  0.00000000e+00]]), array([[  0,   1,   0, ..., 188, 188, 188],
       [  0,   1,  57, ..., 107, 110, 117]]), array([[ 0.        ,  0.        ,  0.41365234, ...,  0.84668705,
         0.84669867,  0.84669653],
       [ 0.        ,  0.        ,  0.35307851, ...,  0.33956405,
         0.346605  ,  0.3001944 ],
       [ 0.        ,  0.        , -1.14026697, ..., -0.96814624,
        -0.3055698 , -0.96829068]]), [38, 80, 11, 33, 27], array([[0.0754658 , 1.2939658 , 2.4685593 , 0.08704173],
       [0.07545996, 0.96475995, 0.06404026, 1.4584453 ],
       [0.36841324, 0.36555824, 0.13825373, 3.1628537 ],
       [2.6749935 , 0.07529357, 0.2931446 , 1.6825765 ],
       [0.10789341, 2.6905935 , 1.7172593 , 0.9986643 ]], dtype=float32))