box 2.9377993129994002 0.44501252002879776 1.1971565291327597 0.05480611055266049 0.5023297282559179 1.7249943357643356 2.904158550227504e-07 -0.7071065347903607 -5.004913508077635e-07 0.707107027582412 0
box 2.941107208959445 0.26783409557105026 0.19982136907478168 7.97912326211403e-08 0.39100803493959957 1.7263569827455818 0.5000000000112241 0.4999999999887757 0.500000000011224 0.49999999998877576 0
box 2.062802411469911 0.49952867656650446 0.17408707041509722 0.024999799153125224 0.32884408230554896 0.46338918577285904 0.7071067812024209 0.7071067811706743 0.0 -6.494670421717604e-17 0
box 2.9377993129994007 0.7195414380284936 0.22432712768875826 0.023363662853392198 0.4293241968726263 1.7249940802392532 0.5000000000112241 0.4999999999887757 0.500000000011224 0.49999999998877576 0
box 3.8127969015294894 0.4995286765665044 0.17408707041509724 0.025001096820925106 0.32884408230554896 0.46338918577285904 1.7238557772599365e-16 -2.4817922450627026e-18 0.7071067812024208 0.7071067811706736 0
box 2.2999716591375883 0.7078595947261137 0.5391900408445425 7.979123251011799e-08 0.2051137312802428 0.4519242768218672 0.49999999998877576 -0.500000000011224 -0.4999999999887762 0.5000000000112242 0
box 2.9378 0.18216542157971663 2.4759929690381877 0.023364471361155548 0.10961406190726608 1.649994682779877 0.5000000000112241 0.4999999999887757 0.500000000011224 0.49999999998877576 0
box 2.9378 0.1821654215583909 2.0009968041896173 0.023364471361155548 0.10961406190726608 1.6499946827798766 0.5000000000112241 0.4999999999887757 0.500000000011224 0.49999999998877576 0
box 2.9378 0.18216542148621157 0.3933163098813784 0.023364471361155548 0.10961417347101626 1.6499946827798766 0.5000000000112241 0.4999999999887757 0.500000000011224 0.49999999998877576 0
box 2.9377993129994007 0.719541438127125 2.421185938060429 0.023363662853392198 0.2192281238145326 1.7249940802392532 0.5000000000112241 0.4999999999887757 0.500000000011224 0.49999999998877576 0
box 3.72529691749295 0.4508532277268902 2.457724962781997 0.036538020635749735 0.14999880928328446 0.5140110933755516 0.4999998151917633 -0.49999981521421155 0.5000001848081684 0.5000001847857202 0
box 2.1503023191730497 0.4508532277268902 2.4577249627819975 0.03653802063575018 0.1500001069510839 0.5140110933755516 0.4999998151917633 -0.49999981521421155 0.5000001848081684 0.5000001847857202 0
box 2.0753029980470736 0.1821654215329641 1.4346545836779083 0.023364471361155548 0.07499939745937656 2.1922908326278265 1.5873418869579895e-11 0.7071067811865475 0.7071067811865476 -1.5873340364956964e-11 0
box 3.8002970019529267 0.1821654215329641 1.4346545836779083 0.023364471361155548 0.07499939745937656 2.1922908326278265 1.5873418869579895e-11 0.7071067811865475 0.7071067811865476 -1.5873340364956964e-11 0
box 2.9461702626388884 0.4432383715784003 0.42985522301541246 1.9001930412487766e-07 0.5055487055375207 1.7274327370810116 0.000980865038637507 -0.7071061008814561 -0.0009817039848467601 -0.707106099717211 0
box 2.937799312999401 0.7020184828701179 1.4163865774104412 0.011682223790757673 1.7249940802392536 2.0461387500848045 0.49999999998877587 -0.500000000011224 -0.499999999988776 0.5000000000112242 0
box 2.0628024114699115 0.46253546336153556 1.4346545836653208 0.024999799153125668 0.5373755885163474 2.1922908326278265 2.244829322428643e-11 1.0 -0.0 -8.040613248383183e-17 0
box 3.8127969015294894 0.46253546336153556 1.4346545836653206 0.025001096820924662 0.5373755885163474 2.1922908326278265 2.244829322428643e-11 1.0 -0.0 -8.040613248383183e-17 0
box 2.492488844833004 0.14079129710335558 2.2658989041294526 0.036019353816241786 0.07307797082685585 0.24999933315689837 0.4999999506809961 -0.5000001976618234 -0.5000001507946316 0.49999970086239504 0
box 3.383111117000296 0.14079129710335558 2.265898904129452 0.03601935381624177 0.07307797082685585 0.24999933315689882 0.4999997008623944 0.5000001507946324 0.500000197661824 0.4999999506809955 0
box 3.690872767780931 0.3344794678783678 2.273382377343411 1.2807094007527553e-07 0.067285772033848 0.09379668438517869 0.7050918988313114 -0.7091159384772361 -4.796907793203076e-08 4.769686656336172e-08 0
box 2.9377999618333006 0.38854904876195917 2.185971398267925 0.013701088355900115 0.3894027717903228 1.5062456433948097 2.9041585513738507e-07 -0.7071065347903605 -5.004913508077635e-07 0.7071070275824121 0
box 2.9377999618333 0.5949326640703758 2.252196867461279 0.023364471361155603 0.2192281238145326 1.5062454559824054 0.5000000000112241 0.4999999999887757 0.500000000011224 0.4999999999887758 0
box 2.1659270791436533 0.3885490487649324 2.252196867470545 0.0375003093968882 0.21922812381453305 0.43613172575168213 1.7238557772599365e-16 -2.4817922450627026e-18 0.7071067812024208 0.7071067811706736 0
box 3.709672233855747 0.38854904876493235 2.2521968674705453 0.03749908806248836 0.2192281238145326 0.4361317257516826 4.03642156577189e-17 6.494670421814797e-17 0.7071067812024207 0.7071067811706747 0
box 2.9378 0.17048319777952642 2.265898904128119 0.04672894272231104 0.5024001823622624 1.7812444680011854 0.5000000000112241 0.4999999999887757 0.500000000011224 0.49999999998877576 0
box 2.8603000825665066 0.1291090495024046 1.5853756062045004 0.036019353770826185 0.05000088166153738 0.3653821308322418 1.5873336070498357e-11 0.7071067811865476 0.7071067811865476 -1.587344445687166e-11 0
box 2.4912389235754078 0.15880097393955547 1.1697534878147304 0.023364471361155548 0.8881223914853997 1.635086352623806 1.5873418869579895e-11 0.7071067811865475 0.7071067811865476 -1.5873340364956964e-11 0
box 3.0152992399745693 0.1291090495024046 1.5853756062045006 0.0360193537708262 0.04999960784792634 0.3653821308322418 0.49999999998877587 -0.500000000011224 -0.499999999988776 0.5000000000112242 0
box 3.3843610382578926 0.1588009739395555 1.1697534878147304 0.023364471361155603 0.8881224678187998 1.6350863526238064 0.7071067811865476 -1.5873497374233584e-11 -1.5873302672275713e-11 -0.7071067811865476 0
box 3.4581139326812713 -2.191505942779268 0.6880601224022653 0.011057327935032446 0.09425225655436176 0.5034716771089416 3.274747860631417e-06 -0.7071067811794737 -3.1628936941752173e-06 -0.7071067811789645 1
box 3.4581139326812718 -2.1915059427843158 0.5756391049174246 0.011058006758622008 0.09425225655534986 0.5034716771089416 3.2747478622618017e-06 -0.7071067811794738 -3.162893695951574e-06 -0.7071067811789645 1
box 3.4581139326812718 -2.191505942789363 0.4632184157766028 0.011058000609857566 0.09425225655534097 0.5034716771089416 3.2747478622618017e-06 -0.7071067811794738 -3.162893695951574e-06 -0.7071067811789645 1
box 3.4581139326812718 -2.1915059427944104 0.35079771925726366 0.011057996920599 0.09425225655533565 0.5034716771089416 0.7071067811789642 -3.1628936963126426e-06 0.7071067811794739 3.274747861895173e-06 1
box 3.4581139326812718 -2.191505942799458 0.23837670177242315 0.0110573476110786 0.09425225655438885 0.5034716771089416 0.7071067811789642 -3.1628936960771315e-06 0.7071067811794738 3.2747478621306882e-06 1
box 3.4581139326812718 -2.191505942804505 0.12595566461153643 0.011058016596645043 0.09425225655536407 0.5034716771089416 0.7071067811789642 -3.1628936960771315e-06 0.7071067811794738 3.2747478621306882e-06 1
box 3.719382966631523 -2.1616702265163146 0.42085359755265017 0.038133460944835385 0.2541695004054727 0.6376752030743438 0.9999732959780031 -0.0073080303769484925 -6.498907295648948e-07 4.740836730449224e-06 1
box 3.196845322414805 -2.161674983803535 0.42085359755265034 0.03813170525594378 0.25416950040508857 0.6376752030725118 0.007308030376948561 0.9999732959780034 4.740836730400717e-06 6.498907300975911e-07 1
box 3.146783133774252 -0.6952487843444679 0.7562501556158879 0.02356145636717144 0.05719846117316241 0.1474373748205844 1.5873177784977684e-11 0.7071035623602525 0.7071099999981904 -1.5873334783810862e-11 1
box 3.0222552249650585 -0.6952499180714554 0.756250155615888 0.02356145636717155 0.05719846117316241 0.1474373748205844 1.5873177784977684e-11 0.7071035623602525 0.7071099999981904 -1.5873334783810862e-11 1
box 2.897728168555545 -0.6952510517906823 0.756250155615888 0.023561456367171663 0.05720016597247879 0.14743743845810986 4.624969617451999e-07 0.707109999998039 -0.7071035623601012 -4.624610046260288e-07 1
box 2.773201107375138 -0.6952521855099527 0.7562501556158882 0.02356145636717144 0.05719844845077926 0.1474373748205844 1.5873177784977684e-11 0.7071035623602525 0.7071099999981904 -1.5873334783810862e-11 1
box 2.6486740430141342 -0.6952533192292522 0.7562501556158882 0.02356145636717155 0.05720015325013694 0.1474373748205844 1.5873177784977684e-11 0.7071035623602525 0.7071099999981904 -1.5873334783810862e-11 1
box 2.524146999327004 -0.6952544529483633 0.7562501556158883 0.02356145636717155 0.05719843572839567 0.1474373748205844 1.5873177784977684e-11 0.7071035623602525 0.7071099999981904 -1.5873334783810862e-11 1
box 2.3996199301951067 -0.695255586667706 0.7562501556158883 0.023561456367171663 0.057200140527753796 0.1474373748205844 1.587333411751898e-11 0.7071099999981902 -0.7071035623602525 1.5873268107800457e-11 1
box 2.2750929119527425 -0.6952567203865857 0.7562501556158884 0.02356145636717144 0.05719846117316196 0.1474373748205844 1.5873177784977684e-11 0.7071035623602525 0.7071099999981904 -1.5873334783810862e-11 1
box 2.1505650031435506 -0.695257854113573 0.7562501556158884 0.02356145636717155 0.05719846117316241 0.1474373748205844 1.5873177784977684e-11 0.7071035623602525 0.7071099999981904 -1.5873334783810862e-11 1
box 2.026037908566887 -0.6952589878331473 0.7562501556158885 0.02356145636717144 0.057200140527753796 0.1474373748205844 1.5873177784977684e-11 0.7071035623602525 0.7071099999981904 -1.5873334783810862e-11 1
box 1.9015108139902237 -0.695260121552722 0.7562501556158885 0.02356145636717144 0.05719851206269522 0.1474373748205844 1.5873177784977684e-11 0.7071035623602525 0.7071099999981904 -1.5873334783810862e-11 1
box 2.5241469738822375 -0.6952544529446518 0.844078024087208 0.04712505105435161 0.05033439531534245 1.378737702898513 0.4999977239573233 0.49999772393487524 0.500002276054764 0.5000022760323156 1
box 1.9015232563482365 -2.0619214441100673 0.756250155677247 0.023563594687180167 0.057198512062694995 0.1474373748205844 1.5873177784977684e-11 0.7071035623602525 0.7071099999981904 -1.5873334783810862e-11 1
box 2.0260503509248995 -2.061920310390493 0.7562501556772468 0.023563594687180167 0.05720014052775402 0.1474373748205844 0.7071035623602524 -1.587324848249588e-11 1.5873302672275713e-11 0.7071099999981902 1
box 2.1505774455015625 -2.0619191766709193 0.7562501556772468 0.023563594687180167 0.05719846117316152 0.1474373748205844 1.5873177784977684e-11 0.7071035623602525 0.7071099999981904 -1.5873334783810862e-11 1
box 2.275105354310756 -2.061918042943932 0.7562501556772467 0.023563594687180167 0.05719846117316196 0.1474373748205844 1.5873177784977684e-11 0.7071035623602525 0.7071099999981904 -1.5873334783810862e-11 1
box 2.399632372553119 -2.0619169092250518 0.7562501556772467 0.023563594687180167 0.05720014052775424 0.1474373748205844 1.5873177784977684e-11 0.7071035623602525 0.7071099999981904 -1.5873334783810862e-11 1
box 2.524159441685016 -2.061915775505709 0.7562501556772466 0.023563594687180167 0.05719843572839567 0.1474373748205844 0.7071035623602524 -1.587324848249588e-11 1.5873302672275713e-11 0.7071099999981902 1
box 2.6486864853721466 -2.0619146417865974 0.7562501556772466 0.023563594687180167 0.05720015325013739 0.1474373748205844 1.587220561280492e-11 0.7071099999981902 -0.7071035623602525 1.587215922995685e-11 1
box 2.7732135497331503 -2.0619135080672986 0.7562501556772465 0.023563594687180167 0.05719844845077837 0.1474373748205844 0.7071035623602524 -1.587324848249588e-11 1.5873302672275713e-11 0.7071099999981902 1
box 2.8977406109135573 -2.061912374348028 0.7562501556772464 0.0235635946871815 0.05720016597247879 0.14743743845810997 4.62496962981648e-07 0.7071099999980389 -0.7071035623601013 -4.6246100535219653e-07 1
box 3.0222676673230717 -2.061911240628801 0.7562501556772464 0.023563594687180167 0.05719846117316196 0.1474373748205844 1.5873177784977684e-11 0.7071035623602525 0.7071099999981904 -1.5873334783810862e-11 1
box 3.146795576132264 -2.0619101069018133 0.7562501556772464 0.023563594687180167 0.05719846117316196 0.1474373748205844 1.5873177784977684e-11 0.7071035623602525 0.7071099999981904 -1.5873334783810862e-11 1
box 2.5241594162499843 -2.0619168446620013 0.8440780241485666 0.04712505105435172 0.05033439531534245 1.3787377028985133 0.4999977239573233 0.49999772393487524 0.500002276054764 0.5000022760323156 1
box 2.7732134319807784 -1.3785678273972948 0.670341803525846 0.022703882773899897 1.327160169018211 2.008089522203753 0.7071384034948787 9.155432293749897e-05 0.7070751447582568 9.790613041501103e-05 1
box 2.7732013252977215 -0.7158698041457112 0.6641014667801768 0.058974678398798 0.08836028831985376 1.9733678515169535 0.7071067811792213 -3.2188366519634247e-06 0.7071067811792214 3.218804905243442e-06 1
box 3.7765742474553865 -1.378574277965544 0.66410146680993 0.058974678398798 0.0714993868719298 1.3784442205634617 0.49999772395604386 0.5000022760335956 -0.49999772393359543 0.5000022760560435 1
box 2.77321339224246 -2.041295952331029 0.6641014668396839 0.058974678398798 0.08836236374809747 1.9733678515169533 3.2188366518612712e-06 0.7071067811792211 3.2188049053916146e-06 -0.7071067811792217 1
box 1.7698403683154615 -1.3785925476721266 0.6641014668099308 0.058974678398798 0.0714992850928633 1.3784442205634615 0.5000022760560436 0.49999772393359543 0.5000022760335957 -0.49999772395604397 1
box 1.7579278410641082 -1.3785916144745982 0.8133819362181709 0.09819756239340016 0.26170716306828234 1.476217348290883 0.707106780531627 0.7071067808532635 -2.0373116220495646e-05 3.1344352019131296e-05 1
box 3.7884905405129707 -1.3785731003105224 0.8133818575139858 0.09818015839540895 0.2617007392033299 1.4762164084811458 0.707106781163992 -0.7071067811957384 -3.0741316003890518e-06 3.074131600588341e-06 1
box 2.7732187878635104 -1.3785413970825726 0.7089565358432809 0.08228415888204399 1.3272530325511922 2.0081643646885947 0.7071073920686498 -1.4312393779596429e-05 0.7071061675514781 6.072635178536849e-05 1
box 1.7531574562421497 -1.378592699573823 0.28260770561601306 0.03813335916579175 0.26170073920333 1.3784442205634617 3.218820778661646e-06 3.2188207784305525e-06 -0.7071067811950948 -0.707106781163348 1
box 1.757934110395307 -2.056031931331637 0.43105772785415336 0.09861478682774494 0.12186552868982248 0.5418780861844072 1.438896910625675e-05 -1.7052275109138848e-05 -0.9999999997510888 -5.487680589065707e-10 1
box 1.7579180094656648 -0.7011513055459269 0.4280363528626931 0.09861744026956165 0.12188569456633591 0.535805922367453 7.620177929473976e-07 -0.9999999955480046 -9.435586933691879e-05 6.166422490229493e-07 1
box 3.7884843729605877 -0.7011327559718422 0.4287701906769933 0.09860355931063491 0.12185916674740083 0.537274896598189 7.620525520334488e-07 -0.9999999999900183 -4.3591814763409814e-06 -6.166353118550691e-07 1
box 3.7884967080653547 -2.056013444683639 0.4309730126377896 0.09860355931069442 0.12185914668540754 0.5416802890949877 1.5079202322068662e-16 4.552099998768037e-06 -0.9999999999896392 2.2448070198490833e-11 1
box 3.1467831337748233 -0.6952488472600629 0.22547602339396053 0.02356145636717144 0.05719846117316196 0.14743737482058453 1.587333411751898e-11 0.7071099999981902 -0.7071035623602525 1.5873268107800457e-11 1
box 3.0222552249656314 -0.6952499809870504 0.22547602339396053 0.02356145636717155 0.05719846117316196 0.14743737482058447 1.587333411751898e-11 0.7071099999981902 -0.7071035623602525 1.5873268107800457e-11 1
box 2.897728168555545 -0.6952510518145123 0.22547602339396056 0.023561456367171774 0.05720016597247879 0.14743743845810978 4.6249696163725635e-07 0.7071099999980389 -0.7071035623601014 -4.6246100487135594e-07 1
box 2.7732011073757104 -0.6952522484255476 0.22547602339396064 0.02356145636717144 0.05719844845077926 0.1474373748205845 1.5873177784977684e-11 0.7071035623602525 0.7071099999981904 -1.5873334783810862e-11 1
box 2.648674043014707 -0.6952533821448469 0.2254760233939607 0.02356145636717155 0.05720015325013694 0.1474373748205845 1.587333411751898e-11 0.7071099999981902 -0.7071035623602525 1.5873268107800457e-11 1
box 2.5241469993275762 -0.6952545158639583 0.22547602339396075 0.02356145636717155 0.057198435728395225 0.1474373748205845 1.587333411751898e-11 0.7071099999981902 -0.7071035623602525 1.5873268107800457e-11 1
box 2.3996199301956795 -0.6952556495833009 0.22547602339396083 0.02356145636717155 0.057200140527753796 0.14743737482058453 1.5873177784977684e-11 0.7071035623602525 0.7071099999981904 -1.5873334783810862e-11 1
box 2.2750929119533154 -0.6952567833021804 0.2254760233939609 0.02356145636717144 0.05719846117316241 0.14743737482058453 1.587333411751898e-11 0.7071099999981902 -0.7071035623602525 1.5873268107800457e-11 1
box 2.1505650031441226 -0.695257917029168 0.22547602339396086 0.02356145636717155 0.05719846117316241 0.14743737482058447 1.587333411751898e-11 0.7071099999981902 -0.7071035623602525 1.5873268107800457e-11 1
box 2.026037908567459 -0.6952590507487423 0.22547602339396094 0.02356145636717144 0.05720014052775402 0.1474373748205845 1.587333411751898e-11 0.7071099999981902 -0.7071035623602525 1.5873268107800457e-11 1
box 1.9015108139907961 -0.6952601844683167 0.225476023393961 0.02356145636717144 0.05719851206269544 0.1474373748205845 1.587333411751898e-11 0.7071099999981902 -0.7071035623602525 1.5873268107800457e-11 1
box 2.5241469738822375 -0.6952544529684818 0.3133039115413266 0.04712505105435161 0.05033439531534256 1.378737702898513 0.4999977239573233 0.49999772393487524 0.500002276054764 0.5000022760323156 1
box 1.9015232563488091 -2.0619215070256627 0.2254760234553194 0.023563594687180167 0.057198512062694995 0.14743737482058447 1.5873177784977684e-11 0.7071035623602525 0.7071099999981904 -1.5873334783810862e-11 1
box 2.026050350925473 -2.0619203733060876 0.22547602345531936 0.023563594687180167 0.057200140527753796 0.14743737482058447 1.5873177784977684e-11 0.7071035623602525 0.7071099999981904 -1.5873334783810862e-11 1
box 2.1505774455021363 -2.061919239586514 0.2254760234553193 0.023563594687180167 0.05719846117316196 0.14743737482058444 1.5873177784977684e-11 0.7071035623602525 0.7071099999981904 -1.5873334783810862e-11 1
box 2.2751053543113287 -2.061918105859527 0.22547602345531925 0.023563594687180167 0.05719846117316152 0.14743737482058447 1.5873324303860402e-11 0.7071099999981902 -0.7071035623602524 1.587321904245579e-11 1
box 2.3996323725536928 -2.0619169721406463 0.2254760234553192 0.023563594687180167 0.05720014052775424 0.14743737482058447 0.7071035623602524 -1.587324848249588e-11 1.5873302672275713e-11 0.7071099999981902 1
box 2.524159441685589 -2.061915838421304 0.2254760234553192 0.023563594687180167 0.05719843572839567 0.14743737482058453 0.7071035623602524 -1.587324848249588e-11 1.5873302672275713e-11 0.7071099999981902 1
box 2.648686485372719 -2.0619147047021933 0.2254760234553191 0.023563594687180167 0.05720015325013739 0.14743737482058455 1.587220561280492e-11 0.7071099999981902 -0.7071035623602525 1.587215922995685e-11 1
box 2.7732135497337227 -2.061913570982893 0.22547602345531906 0.023563594687180167 0.057198448450778816 0.14743737482058447 1.5873324303860402e-11 0.7071099999981902 -0.7071035623602524 1.587321904245579e-11 1
box 2.897740610913557 -2.0619123743718575 0.22547602345531906 0.023563594687181055 0.05720016597247879 0.14743743845810994 0.7071035623601014 4.624610053031313e-07 4.6249696283862107e-07 0.7071099999980391 1
box 3.022267667323644 -2.0619113035443957 0.22547602345531895 0.023563594687180167 0.05719846117316196 0.14743737482058444 1.5873177784977684e-11 0.7071035623602525 0.7071099999981904 -1.5873334783810862e-11 1
box 3.1467955761328366 -2.0619101698174087 0.22547602345531892 0.023563594687180167 0.05719846117316152 0.1474373748205845 1.5873177784977684e-11 0.7071035623602525 0.7071099999981904 -1.5873334783810862e-11 1
box 2.5241594162499843 -2.0619168446858316 0.31330391160268506 0.04712505105435172 0.05033439531534256 1.3787377028985133 0.4999977239573233 0.49999772393487524 0.500002276054764 0.5000022760323156 1
box 2.7732129521941338 -1.3784462379901004 0.14036862411136578 0.028325845707636854 1.3281379946422325 2.0080944228683935 0.7071373918621994 0.0012263851898789556 0.7070740304367806 0.0012330821459561748 1
box 2.77321339224246 -2.041295952354859 0.13332766911053962 0.05897536706041065 0.08836236374809747 1.9733678515169533 3.2188366518612712e-06 0.7071067811792211 3.2188049053916146e-06 -0.7071067811792217 1
box 1.769840368315461 -1.3785925476959568 0.13332766908078653 0.05897536706041051 0.0714992850928664 1.378444235993144 0.4999976216448687 0.5000023783438182 -0.4999976216224201 0.5000023783662663 1
box 2.7732013252977215 -0.7158698041695413 0.13332766905103255 0.05897536706041065 0.08836028831985365 1.9733678515169535 3.2188366518612712e-06 0.7071067811792211 3.2188049053916146e-06 -0.7071067811792217 1
box 3.7765742474553865 -1.3785742779893742 0.1333276690807857 0.058975367060410566 0.0714993868719298 1.3784442205634617 0.49999772395604386 0.5000022760335956 -0.49999772393359543 0.5000022760560435 1
box 3.7884843729605886 -0.7011327559873223 0.08397957489647917 0.09860528954856962 0.12185914668540765 0.16795862587141885 5.023625960563956e-11 0.9999999999710074 4.552100000409146e-06 -6.104411138161639e-06 1
box 3.7884967080653538 -2.056013444699099 0.08663041058831171 0.09860355931063447 0.12185916674740094 0.17325944583358907 7.620974481356986e-07 0.9999999999900181 4.3591814763132995e-06 -6.166353122728273e-07 1
box 1.7579303445698584 -2.056031931381544 0.0830965927137828 0.09860355931063425 0.12185916674740094 0.1661918100845176 7.620918346271067e-07 0.9999999999882618 4.7450185230512995e-06 6.166422496776922e-07 1
box 1.7579180094227216 -0.7011465886789733 0.08461090051074571 0.09860355931064846 0.12186295307420925 0.16923025997271593 0.9999999990755563 4.277128393026252e-05 -5.393642169559953e-07 4.383316741017915e-06 1
box 3.793258075540294 -1.3785741260897646 0.28260770561601223 0.03813173070073317 0.26170073920333 1.378444220563462 3.2188207786616714e-06 3.2188207784305555e-06 -0.7071067811950946 -0.7071067811633478 1
box 2.773203468972441 -1.3785906808051207 0.17973826728845224 0.0794632948336512 1.327240300779559 2.008173388819504 0.7071493243837703 3.9823762880405137e-05 0.707064232801245 4.6160928805254305e-05 1
box 2.488174676601464 -2.5229030895479725 0.37504386125907774 0.0029994317360007017 0.017991098122038807 0.021679241840718233 2.2448293224286444e-11 1.0 0.0 -9.184850993605153e-17 1
box 2.223135881380435 -2.52288381696551 0.37512183633891555 0.0029992146930286623 0.017991098122038807 0.021679979740485078 2.2448293224286444e-11 1.0 0.0 -9.184850993605153e-17 2
box 2.2231359962855377 -2.581554301341825 0.0808817271738807 0.009513631827075208 0.052376066050501935 0.16841615322178027 0.34824118292250533 0.9374049703925909 0.0 -8.609924973768659e-17 2
box 2.2231364559059497 -2.4633656261737675 0.07589634418268917 0.009516669721307824 0.04915996451307669 0.14627288315241027 8.504144205156493e-06 1.9053720878671212e-05 0.40757166671921174 -0.9131732234643978 2
box 2.4881745616963613 -2.585813329069274 0.07276601918926394 0.009513414784103169 0.049145464130965655 0.1371143778083299 0.40777506191858104 0.9130824162567677 -0.0 -8.386525938255415e-17 2
box 2.4881745999980622 -2.4608366029002386 0.0714488570864244 0.009513942238827955 0.047163832573568154 0.12897950974407624 0.895449959962175 0.4451621829566949 -2.8968482461699807e-06 7.783209608123616e-06 2
box 2.4881745999980627 -2.5419602668561874 0.33932087801653554 0.00951411938284874 0.028962879796737173 0.48612229052219064 0.013763660655006463 0.9999052761890022 1.7167763601002098e-05 -1.9240193650256676e-07 2
box 2.4881747532048664 -2.503278026802225 0.336127379985092 0.009517386350487378 0.031917661939244724 0.4936549603345438 8.133873658935422e-05 1.42653794573761e-06 -0.017018478267023962 0.9998551719021359 2
box 2.2231359962855377 -2.541314781329522 0.3519541405350262 0.009513631827075208 0.024260012451760904 0.4592056984737106 5.534512831745341e-17 -5.961988965920895e-17 -0.00740851705124379 -0.9999725565609794 2
box 2.2231359962855377 -2.5036989626904687 0.3443284200205667 0.009513631827075208 0.031374488103859566 0.47726892039178864 1.0857222845001755e-16 6.7271364533637914e-18 -0.9998606602712687 -0.016693113607199328 2
box 2.3571000000000004 -2.5244999999735183 0.5898507125415035 0.02069846016290866 0.3598222967663216 0.35991857680174144 6.407435218537887e-07 0.707107362902086 1.3511665042376109e-07 0.7071061994702275 2
box 1.0208291783548673 -1.4506749499245273 0.45264609239845477 0.028654518338509183 0.3342960513118628 1.1532492063653685 0.4974076985656942 -0.4974121893886417 -0.5025744526667456 -0.502578963727988 2
box 1.0105597248272744 -1.05681832348794 0.910449985629432 0.008179844068317399 0.28846094920376386 0.352662199857553 0.4999978716648263 -0.5000022860751159 -0.4999979832231264 -0.5000018590196519 2
box 1.0261615091422 -1.0456971131932247 0.7741049963068641 0.014542756014418234 0.3220151369722537 0.656405742189693 0.00018674957830223964 -0.7071099753376666 -0.7071035376999454 0.0001867479098517103 3
box 1.0208659023982114 -1.45786440389775 1.1045018305099263 0.030867439189019574 0.33425868587789 1.1509187603802848 0.5000001690971272 -0.4999949407139332 0.5000047899768132 0.5000001001635473 3
box 1.0208969036238957 -1.4578650440786451 0.03101449793195195 0.06209799913299783 0.33399597944497217 1.151036910809078 0.4999077692461199 0.5000922137439936 0.49990776922366753 -0.5000922137664379 3
box 0.8670583334367187 -1.457131466707037 0.5797260175704855 0.06154945787467336 1.079681321821842 1.1516603203501385 0.009142196976894045 -0.010584825706252732 -0.7070346716009586 0.7070405609675645 3
box 1.0199398796734838 -1.2460923850116765 0.5797810048165739 0.041755559304348155 0.34003466812664307 1.0750041493871338 0.689389020788606 7.155814127637594e-05 -8.642579108375514e-05 0.7243913068405377 3
box 1.0208610461966976 -1.584909776534183 0.58156379926469 0.025196259053198222 0.3342775544886728 1.0761742164680614 0.7070159708724697 1.4411786264972152e-06 1.4415805683620775e-06 0.7071975798368544 3
box 1.0169625706042726 -2.032692353979245 0.5803108891240824 0.032659446645488366 0.328151261162025 1.080578665406534 0.7339576224626267 -0.004185192911004576 -0.00041590355361309506 0.679182243299646 3
box 1.0152709033906595 -0.8768884024199777 0.5798265241830172 0.015858482545240804 0.32511847016908135 1.0796010823886835 0.0002614081558279937 0.6978631710478085 0.716230984443303 -0.0003210673613655855 3
box 1.1779169481279321 -1.0572870671261014 0.7741141989734147 0.0024720618372537917 0.34976104488291404 0.6545071866444028 2.2448198306017233e-11 0.9999999999896392 -4.552100000250665e-06 7.157129322955101e-17 3
box 1.1777804247143393 -1.0572870658831668 0.7740696840600668 0.019360831809294377 0.34976105523449397 0.6563101090790459 4.959096559624393e-06 3.6034596664844867e-07 2.1111106485172115e-07 0.9999999999876162 3
box 1.0105597248272742 -1.056818323498397 0.6775420448873295 0.00817982417782881 0.28846094920375576 0.35266219985755076 0.4999978716648266 -0.5000022860751154 -0.49999798322312694 -0.5000018590196519 3
box 1.2083156728244255 -1.83228086356561 0.7009224257567307 0.019068921150948714 0.02201139625751769 0.055812540704395674 0.5547647784186799 -0.5008148037596539 -0.5470276807639985 0.3770693430116182 3
box 1.1805377881542705 -1.924695351120066 0.7749916082427462 0.010301114433840075 0.21725959106415016 0.6592502460205203 1.0218719050679079e-16 4.5521000003223486e-06 0.9999999999896392 -2.2448200186450632e-11 3
box 1.208316058209738 -1.7987557990343308 0.6807842741142864 0.020030006793537725 0.02323608956472345 0.055070407117118414 0.5823841923354476 -0.31512604845199077 -0.7038821437799887 0.2570489326422286 3
box 1.1805397832905586 -1.7055507488756811 0.7749916082329074 0.010301114433840075 0.2172603894096754 0.6592502460205203 4.335393415216082e-18 -4.552100000100304e-06 -0.9999999999896392 2.244816889922068e-11 3
box 1.2083160374111614 -1.7988389443926103 0.2338344414464142 0.02002940835101885 0.023235433981623865 0.0550698069135902 0.2570540382388208 -0.7038851361753654 -0.3151189718091211 0.582382151256771 3
box 1.1805397832905586 -1.7055507488995907 0.24244193101410963 0.010301114433840075 0.2172603894096754 0.4022273156608217 4.335393415216082e-18 -4.552100000100304e-06 -0.9999999999896392 2.244816889922068e-11 3
box 1.2083156728239974 -1.832280910547106 0.2555757532046908 0.019068920785785703 0.02201139756315379 0.055812542848604485 0.5008149791767925 -0.5547646441862952 -0.3770694556015781 0.5470275786880688 3
box 1.1805377881542702 -1.9246953511439757 0.24244193102394848 0.010301114433840075 0.21725959106415016 0.4022273156608217 1.4219538432889037e-17 -4.552099999878261e-06 -0.9999999999896393 2.2448134519825293e-11 3
box 1.010556407164002 -1.4212285156822384 0.232671855634741 0.008178942366170228 0.2884609492033987 0.3526622233381991 0.4999978716648265 -0.5000022860751157 -0.49999798322312683 -0.5000018590196521 3
box 1.0105564071640023 -1.4212285156497617 0.9560316921957343 0.008179844068317399 0.28846094920376386 0.3526622233383043 0.5000022860751154 0.49999787166482645 -0.5000018590196517 0.49999798322312666 3
box 1.010556407164002 -1.4212285156569961 0.7948961394430398 0.008178942366170228 0.2884609492033987 0.3526622233381993 0.4999978716648265 -0.5000022860751157 -0.49999798322312683 -0.5000018590196521 3
box 1.0105564071640025 -1.4212285156644517 0.6288368421163486 0.008179824177828698 0.28846094920375587 0.3526622233383019 0.5000022860751154 0.49999787166482645 -0.5000018590196517 0.49999798322312666 3
box 1.0105597280980079 -1.0564590680269532 0.3436703821361468 0.008179830807991617 0.28846094920375853 0.35266219985755154 0.4999978716648263 -0.5000022860751159 -0.4999979832231264 -0.5000018590196519 3
box 1.0105597280980079 -1.0564590680314883 0.24266128329256462 0.008179817547665863 0.2884609492037532 0.3526621998575502 0.4999978716648263 -0.5000022860751159 -0.4999979832231264 -0.5000018590196519 3
box 1.208322990436701 -1.046129479067596 0.13218083769910424 0.020030540375842065 0.023236886367309584 0.055071006531411504 0.7038917665326119 -0.2570533520112458 -0.5823759879138306 0.3151161118203439 3
box 1.1805457196360634 -1.0535060327556944 0.14211178733733434 0.010301114433840075 0.19748783393514635 0.35794558928672104 3.218820778725635e-06 3.2188207784945e-06 0.7071067811950948 0.7071067811633477 3
box 1.2083229603368413 -1.0472342718634442 0.296522100708539 0.019069659520150495 0.022011467513300076 0.05581257174712573 0.3770781652002362 0.5470295599919969 0.5008106750133844 0.5547606561543672 3
box 1.1805457196360634 -1.0535060327488976 0.2934964391543759 0.010301114433840075 0.0972440017475748 0.35794558928672104 3.218820778725635e-06 3.2188207784945e-06 0.7071067811950948 0.7071067811633477 3
box 1.2083229603368413 -1.0472342718589132 0.3974457897943392 0.01906965765841484 0.022011467864254786 0.05581256926625844 0.5470295850704473 -0.37707818770701773 -0.5547606362449824 0.5008106527284619 3
box 1.1805457196360634 -1.0535060327443435 0.39493358131129563 0.010301114433840075 0.0972440017475748 0.35794558928672104 3.218820778725635e-06 3.2188207784945e-06 0.7071067811950948 0.7071067811633477 3
box 3.5022252241392677 -0.27269717712674335 0.33005194773930985 0.018458371589153533 0.03975361917177994 0.28058781520214693 0.9999999999879233 9.092075327716836e-08 1.37236042863087e-07 4.911877557992413e-06 3
box 3.737566241063078 -0.2726950345350569 0.3300519477393098 0.018457988226379562 0.0397536191716254 0.28058781520193465 0.9999999999879233 9.092075327714116e-08 1.3723604208593088e-07 4.911877563538375e-06 3
box 3.6225567463511186 -0.26326310182766616 0.4520571137393861 0.012728675080956348 0.03410444181191857 0.29898441120582 0.4851698254133531 0.5144004235382084 0.4844886252238184 0.5150468103006004 3
box 3.619896509225898 -0.5566191030719834 0.4510935127964564 0.0127468771342234 0.028585130259136615 0.2936353118816619 0.5000400829075422 -0.4999553614018706 -0.49995991308508547 0.5000446354069776 4
box 3.737568746696874 -0.5479123843496972 0.33005194775166613 0.01845798822637912 0.039753626870056236 0.2805878152019428 0.9999999999911988 9.092200282885631e-08 -1.372352135264876e-07 4.1923224410328395e-06 4
box 3.502227729773064 -0.5479145269413837 0.33005194775166613 0.018458371589154865 0.03975361942108657 0.28058776251300194 1.5544849748279498e-16 4.552099999866817e-06 -0.9999999999896393 2.2448184542886733e-11 4
box 3.619898139490012 -0.5479134556474831 0.3068028722990183 0.02244726540792613 0.039753644853586456 0.28610066462044337 3.687584254362133e-06 -0.7071067811812001 -2.7500572967742443e-06 -0.7071067811769318 4
box 3.7375687537864217 -0.5486910960375148 0.2233503573126568 0.0312204903463231 0.0379076486963168 0.042688032049843616 0.5000819132645731 0.49991765753514306 -0.4999138801700518 0.500086520637722 4
box 3.6187210583822496 -0.5471940172134121 0.05027266046745554 0.022095293342359157 0.025108697709451448 0.19620426070138963 0.501142089510784 -0.49897412936001007 -0.5009660114245637 0.4989132988281119 4
box 3.735426146057666 -0.5468879428741443 0.05647383475104045 0.03976875702503385 0.045135679896896264 0.09407823004793003 0.5174301831561987 -0.522880249264373 -0.4812428804851865 -0.47672585462767836 4
box 3.5035612424834 -0.5469378148841377 0.052197924884791025 0.03250065968201821 0.04090311846215444 0.09851735196083661 0.5030786980643241 0.4908269652419858 -0.49670949468513415 0.5091958283753767 4
box 3.5022275308481667 -0.5477569092735711 0.22394745891669288 0.030078670293896187 0.03790764302936944 0.041851009494438984 0.48659868440476756 -0.5130507480247444 -0.5130554859327437 -0.4865950252942545 4
box 3.6198956338562156 -0.272696105832843 0.30680287733222156 0.02244726540792613 0.03975363715515373 0.2861006646204429 0.7071067811769319 -2.75005730032636e-06 0.7071067811812002 3.6875842576865935e-06 4
box 3.737601606158515 -0.2730008004965408 0.22546218632623846 0.03501819383552096 0.03966953941465823 0.04254411433303945 0.4991869046035549 -0.4704740310611107 0.5002894702623308 0.5283720907789007 4
box 3.7318451807511606 -0.2728901494754579 0.05373990840686634 0.036196451697321275 0.05048281147469602 0.09708471355284648 0.4975435285643309 -0.4836440432239491 0.5022355262346261 0.5160410379277738 4
box 3.6183901396726768 -0.2757887178177256 0.05026462792452312 0.02417333116399653 0.026296886231177596 0.19567210613155783 0.001146273650639866 -0.7071058520877321 0.0009128212436658734 0.7071061919947931 4
box 3.504983128293619 -0.2718574225842994 0.051047476756395496 0.030484228602547896 0.043424517483080294 0.09582935563635858 0.5077903489893824 0.4921031714380611 -0.4920816524649023 0.5077785712702481 4
box 3.5022253020068073 -0.27231802940850264 0.22689377301840719 0.03513641213147789 0.037912981313060534 0.043212221279844865 0.5190609598246942 0.48030129161738905 -0.48018442339506207 0.5189501987525268 4
box 3.502225317734857 -0.3046698384703873 0.15296798077537985 0.015285159358761957 0.03790762602760278 0.30388278504859667 0.0553564999178691 0.704933448943689 0.7049398614296762 -0.05535595943262578 4
box 3.5022247326522526 -0.2404047075858636 0.15354975396676718 0.01447693449635512 0.03790762600428854 0.30364638231643415 0.05534413272744398 -0.7049344117141465 -0.7049408350043767 -0.05534366537562448 4
box 3.737565735597424 -0.3039436892511227 0.15219136825485838 0.01697343457768713 0.03791770398422001 0.30525396968291113 0.7048395140722464 -0.055321492139627816 0.05532879243023381 0.7050386632221363 4
box 3.7375659438780917 -0.24005240956102344 0.15392689944934945 0.013663146432453782 0.03790763178955192 0.3029902480940838 0.7049329805756108 0.05536246410933667 -0.05536192356933434 0.7049393930567587 4
box 3.7375684493009933 -0.5152465947970735 0.15378039659563855 0.01366313781137346 0.037907634145894153 0.30269296233145854 0.7049329599778266 0.05536230535789953 -0.05536205691013718 0.7049394156500518 4
box 3.7375690434533424 -0.5805079411329954 0.15369651921719765 0.01383120675161953 0.037907631396827846 0.30282508020511034 0.704934327748469 -0.05534525485898402 0.05534475098700886 0.7049407456407907 4
box 3.5022278218868514 -0.5797244280588161 0.1527917293027644 0.015666114085826188 0.03790762558830085 0.3041892544899694 0.7049343811025678 -0.05534457526954257 0.055344071403754524 0.7049407989953689 4
box 3.502227238119099 -0.5156037197380934 0.1533691229484996 0.0144928075040755 0.0379076276711503 0.3033060216638315 0.7049329762513639 0.055362203399819676 -0.05536188193023461 0.7049394211258538 4
box 3.6198999999999995 -0.41029999997845273 0.47993266958552183 0.040261778798486914 0.3709336644728176 0.4597980935381084 0.5000023505234037 0.4999980636648032 0.5000025613415638 -0.4999970244455402 4
moveable 3.3843610537081346 0.14079128615181224 1.1645357016318185 0.8881224032225621 1.6413547267726094 0.059383827107430134 0.7071067812024209 0.7071067811706743 -0.0 -0.0 0
path arc 3.834795674839035 0.14079128615181224 1.1645357016318185 2.933926432577234 0.14079128615181224 1.1645357016318185 0.9008692422618013 1.57079632675 0.0 4.489658644857286e-11 1.0 
moveable 2.491238946291866 0.14079128615181224 1.1645357016318185 0.8881224032225622 1.6413547267726094 0.059383827107430134 0.7071067812024209 0.7071067811706743 -0.0 -0.0 0
path arc 2.0493748051757716 0.14079128615181224 1.1645357016318185 2.93310308740796 0.14079128615181224 1.1645357016318185 0.8837282822321886 -1.57079632675 0.0 4.489658644857286e-11 1.0 
moveable 2.9378 0.3646982520667764 2.2648833234799572 1.7812445106388308 0.5043261890709048 0.4838332900467703 0.7071067812024209 0.7071067811706743 -0.0 -0.0 0
path line 2.9378 -0.11913503797999386 2.26488332350168 2.9378 -0.5117079034112474 2.264883323519305
