box 2.9377993129994002 0.44501252002879776 1.19715652913276 0.054806110552660714 0.5023297282559179 1.7249943357643351 2.904158550078714e-07 -0.7071065347903607 -5.004913504746966e-07 0.7071070275824118 0
box 2.941107208959445 0.26783409557105026 0.19982136907478168 7.97912326211403e-08 0.3910080349395996 1.7263569827455818 0.500000000011224 0.49999999998877603 0.5000000000112239 0.49999999998877576 0
box 2.062802411469911 0.49952867656650446 0.17408707041509722 0.024999799153125224 0.32884408230554896 0.46338918577285904 0.7071067812024209 0.7071067811706743 0.0 -6.494670421717604e-17 0
box 2.9377993129994007 0.7195414380284936 0.22432712768875826 0.023363662853392198 0.4293241968726263 1.7249940802392532 0.500000000011224 0.49999999998877603 0.5000000000112239 0.49999999998877576 0
box 3.8127969015294894 0.4995286765665044 0.17408707041509724 0.025001096820925106 0.32884408230554896 0.46338918577285904 1.1102230246251565e-16 5.4558049448026875e-17 0.707106781202421 0.7071067811706744 0
box 2.2999716591375883 0.7078595947261137 0.5391900408445425 7.979123251011799e-08 0.2051137312802428 0.4519242768218672 0.49999999998877587 -0.5000000000112244 -0.499999999988776 0.5000000000112241 0
box 2.9378 0.18216542157971663 2.4759929690381877 0.023364471361155548 0.10961406190726608 1.649994682779877 0.500000000011224 0.49999999998877603 0.5000000000112239 0.49999999998877576 0
box 2.9378 0.1821654215583909 2.0009968041896173 0.023364471361155548 0.10961406190726608 1.6499946827798766 0.500000000011224 0.49999999998877603 0.5000000000112239 0.49999999998877576 0
box 2.9378 0.18216542148621157 0.3933163098813784 0.023364471361155548 0.10961417347101626 1.6499946827798766 0.500000000011224 0.49999999998877603 0.5000000000112239 0.49999999998877576 0
box 2.9377993129994007 0.719541438127125 2.421185938060429 0.023363662853392198 0.2192281238145326 1.7249940802392532 0.500000000011224 0.49999999998877603 0.5000000000112239 0.49999999998877576 0
box 3.72529691749295 0.4508532277268902 2.457724962781997 0.036538020635749735 0.14999880928328446 0.5140110933755516 0.49999981519176323 -0.4999998152142115 0.5000001848081684 0.5000001847857202 0
box 2.150302319173051 0.4508532277268901 2.4577249627819975 0.036538020635749735 0.1500001069510839 0.5140110933755517 0.5000001847857203 -0.5000001848081685 -0.4999998152142119 -0.4999998151917635 0
box 2.0753029980470736 0.1821654215329641 1.4346545836779083 0.023364471361155548 0.07499939745937656 2.1922908326278265 1.5873261860334026e-11 0.7071067811865475 0.7071067811865476 -1.5873340364956964e-11 0
box 3.8002970019529267 0.1821654215329641 1.4346545836779083 0.023364471361155548 0.07499939745937656 2.1922908326278265 1.5873261860334026e-11 0.7071067811865475 0.7071067811865476 -1.5873340364956964e-11 0
box 2.9461702626388884 0.4432383715784003 0.42985522301541246 1.9001930412487766e-07 0.5055487055375207 1.7274327370810125 0.7071061008814561 0.000980865038637378 -0.7071060997172107 0.0009817039848468382 0
box 2.937799312999401 0.7020184828701179 1.4163865774104412 0.011682223790757673 1.7249940802392536 2.046138750084804 0.4999999999887759 -0.5000000000112241 -0.4999999999887761 0.5000000000112241 0
box 2.0628024114699115 0.46253546336153556 1.4346545836653208 0.024999799153125668 0.5373755885163474 2.1922908326278265 2.2448293224286428e-11 1.0 0.0 -8.040613248383183e-17 0
box 3.8127969015294894 0.46253546336153556 1.4346545836653206 0.025001096820924662 0.5373755885163474 2.1922908326278265 2.2448293224286428e-11 1.0 0.0 -8.040613248383183e-17 0
box 2.4924888448330034 0.14079129710335558 2.265898904129452 0.0360193538162418 0.07307797082685585 0.24999933315689793 0.500000197661824 0.49999995068099545 0.499999700862394 0.5000001507946324 0
box 3.383111117000296 0.14079129710335558 2.265898904129452 0.036019353816241786 0.07307797082685585 0.24999933315689882 0.5000001507946324 -0.4999997008623944 -0.49999995068099534 0.5000001976618238 0
box 3.690872767780931 0.3344794678783678 2.273382377343411 1.2807094007527553e-07 0.06728577203384845 0.09379668438517869 0.7050918988313114 -0.7091159384772361 -4.796907793203076e-08 4.769686656336172e-08 0
box 2.9377999618333 0.38854904876195906 2.185971398267926 0.013701088355900115 0.3894027717903227 1.5062456433948097 2.9041585466704683e-07 -0.7071065347903602 -5.004913503636743e-07 0.7071070275824118 0
box 2.9377999618333 0.5949326640703758 2.252196867461279 0.023364471361155603 0.2192281238145326 1.5062454559824054 0.500000000011224 0.4999999999887761 0.500000000011224 0.49999999998877587 0
box 2.1659270791436533 0.3885490487649324 2.252196867470545 0.0375003093968882 0.21922812381453216 0.43613172575168213 1.1102230246251565e-16 5.4558049448026875e-17 0.707106781202421 0.7071067811706744 0
box 3.709672233855747 0.38854904876493235 2.2521968674705453 0.03749908806248836 0.2192281238145326 0.4361317257516826 0.0 6.494670421814797e-17 0.7071067812024207 0.7071067811706747 0
box 2.9378 0.17048319777952642 2.265898904128119 0.04672894272231104 0.5024001823622624 1.7812444680011854 0.500000000011224 0.49999999998877603 0.5000000000112239 0.49999999998877576 0
box 2.8603000825665066 0.1291090495024046 1.5853756062045004 0.036019353770826185 0.05000088166153738 0.3653821308322418 1.5873171858975245e-11 0.7071067811865474 0.7071067811865475 -1.5873458121891363e-11 0
box 2.4912389235754078 0.15880097393955547 1.1697534878147304 0.023364471361155548 0.8881223914853997 1.635086352623806 1.5873261860334026e-11 0.7071067811865475 0.7071067811865476 -1.5873340364956964e-11 0
box 3.0152992399745693 0.1291090495024046 1.5853756062045006 0.0360193537708262 0.04999960784792634 0.3653821308322418 0.4999999999887759 -0.5000000000112241 -0.4999999999887761 0.5000000000112241 0
box 3.3843610382578926 0.1588009739395555 1.1697534878147304 0.023364471361155603 0.8881224678187998 1.6350863526238062 0.7071067811865476 -1.58734973746571e-11 -1.5873302672275713e-11 -0.7071067811865476 0
box 3.458113932681271 -2.191505942779268 0.6880601224022653 0.011057327935032446 0.09425225655436176 0.5034716771089416 3.2747478605166813e-06 -0.7071067811794738 -3.1628936942862396e-06 -0.7071067811789644 1
box 3.4581139326812713 -2.1915059427843158 0.5756391049174245 0.011058006758622008 0.09425225655534941 0.5034716771089416 0.7071067811789643 -3.162893696077129e-06 0.7071067811794741 3.2747478621306755e-06 1
box 3.4581139326812713 -2.191505942789363 0.4632184157766028 0.011058000609857621 0.09425225655534053 0.5034716771089416 3.2747478623474537e-06 -0.7071067811794737 -3.162893695951574e-06 -0.7071067811789645 1
box 3.4581139326812713 -2.1915059427944104 0.35079771925726366 0.011057996920599 0.0942522565553352 0.5034716771089416 0.7071067811789644 -3.162893696312645e-06 0.707106781179474 3.2747478618951796e-06 1
box 3.4581139326812713 -2.191505942799458 0.23837670177242312 0.0110573476110786 0.0942522565543884 0.5034716771089416 3.2747478623474537e-06 -0.7071067811794737 -3.162893695951574e-06 -0.7071067811789645 1
box 3.4581139326812713 -2.191505942804505 0.12595566461153643 0.011058016596645043 0.09425225655536362 0.5034716771089416 0.7071067811789643 -3.162893696077129e-06 0.7071067811794741 3.2747478621306755e-06 1
box 3.719382966631523 -2.1616702265163146 0.4208535975526501 0.038133460944835385 0.2541695004054727 0.6376752030743436 0.9999732959780036 -0.007308030376948491 -6.498907295648948e-07 4.740836730403591e-06 1
box 3.196845322414805 -2.161674983803535 0.4208535975526503 0.03813170525594378 0.25416950040508857 0.6376752030725119 0.007308030376948561 0.9999732959780034 4.740836730400717e-06 6.498907300975906e-07 1
box 3.146783133774252 -0.6952487843444679 0.7562501556158879 0.02356145636717144 0.05719846117316241 0.1474373748205844 1.587307184534972e-11 0.7071035623602522 0.7071099999981907 -1.587347150051979e-11 1
box 3.0222552249650585 -0.6952499180714554 0.756250155615888 0.02356145636717155 0.05719846117316196 0.1474373748205844 1.587307184534972e-11 0.7071035623602522 0.7071099999981907 -1.587347150051979e-11 1
box 2.897728168555545 -0.6952510517906823 0.7562501556158879 0.023561456367171663 0.05720016597247879 0.14743743845810986 0.707103562360101 4.624610047143466e-07 4.6249696183942035e-07 0.7071099999980391 1
box 2.773201107375138 -0.6952521855099527 0.7562501556158882 0.02356145636717144 0.057198448450778816 0.1474373748205844 1.587307184534972e-11 0.7071035623602522 0.7071099999981907 -1.587347150051979e-11 1
box 2.6486740430141342 -0.695253319229252 0.7562501556158882 0.02356145636717155 0.05720015325013694 0.1474373748205844 1.587307184534972e-11 0.7071035623602522 0.7071099999981907 -1.587347150051979e-11 1
box 2.524146999327004 -0.6952544529483633 0.7562501556158883 0.02356145636717155 0.057198435728395225 0.1474373748205844 1.587307184534972e-11 0.7071035623602522 0.7071099999981907 -1.587347150051979e-11 1
box 2.3996199301951067 -0.695255586667706 0.7562501556158883 0.02356145636717155 0.057200140527753796 0.1474373748205844 1.5873392995360803e-11 0.7071099999981904 -0.7071035623602524 1.5873268107800454e-11 1
box 2.2750929119527425 -0.6952567203865856 0.7562501556158884 0.02356145636717144 0.05719846117316196 0.1474373748205844 1.587307184534972e-11 0.7071035623602522 0.7071099999981907 -1.587347150051979e-11 1
box 2.1505650031435506 -0.6952578541135731 0.7562501556158884 0.02356145636717155 0.05719846117316196 0.1474373748205844 1.587307184534972e-11 0.7071035623602522 0.7071099999981907 -1.587347150051979e-11 1
box 2.026037908566887 -0.6952589878331473 0.7562501556158885 0.02356145636717144 0.057200140527753796 0.1474373748205844 1.587307184534972e-11 0.7071035623602522 0.7071099999981907 -1.587347150051979e-11 1
box 1.9015108139902237 -0.695260121552722 0.7562501556158885 0.02356145636717144 0.05719851206269544 0.1474373748205844 1.587307184534972e-11 0.7071035623602522 0.7071099999981907 -1.587347150051979e-11 1
box 2.5241469738822375 -0.6952544529446517 0.844078024087208 0.04712505105435161 0.05033439531534245 1.378737702898513 0.4999977239573232 0.4999977239348751 0.5000022760547644 0.500002276032316 1
box 1.9015232563482363 -2.0619214441100673 0.756250155677247 0.023563594687180167 0.05719851206269477 0.1474373748205844 1.5873392995360803e-11 0.7071099999981904 -0.7071035623602524 1.5873268107800454e-11 1
box 2.0260503509249 -2.061920310390493 0.7562501556772468 0.023563594687180167 0.05720014052775424 0.1474373748205844 1.5873392995360803e-11 0.7071099999981904 -0.7071035623602524 1.5873268107800454e-11 1
box 2.150577445501563 -2.061919176670919 0.7562501556772468 0.023563594687180167 0.05719846117316152 0.1474373748205844 0.7071035623602523 -1.5873130722893355e-11 1.5873413694578176e-11 0.7071099999981904 1
box 2.2751053543107562 -2.0619180429439314 0.7562501556772467 0.023563594687180167 0.05719846117316152 0.1474373748205844 1.587307184534972e-11 0.7071035623602522 0.7071099999981907 -1.587347150051979e-11 1
box 2.399632372553119 -2.0619169092250518 0.7562501556772467 0.023563594687180167 0.05720014052775424 0.1474373748205844 1.587307184534972e-11 0.7071035623602522 0.7071099999981907 -1.587347150051979e-11 1
box 2.524159441685016 -2.0619157755057094 0.7562501556772466 0.023563594687180167 0.05719843572839567 0.1474373748205844 0.7071035623602523 -1.5873130722893355e-11 1.5873413694578176e-11 0.7071099999981904 1
box 2.6486864853721466 -2.0619146417865974 0.7562501556772466 0.023563594687180167 0.05720015325013739 0.1474373748205844 1.5872342995984398e-11 0.7071099999981904 -0.7071035623602523 1.587210035157899e-11 1
box 2.7732135497331503 -2.0619135080672986 0.7562501556772465 0.023563594687180167 0.05719844845077837 0.1474373748205844 0.7071035623602523 -1.5873130722893355e-11 1.5873413694578176e-11 0.7071099999981904 1
box 2.8977406109135573 -2.061912374348028 0.7562501556772464 0.0235635946871815 0.05720016597247879 0.14743743845810997 4.624969629227695e-07 0.7071099999980391 -0.7071035623601011 -4.62461005293318e-07 1
box 3.0222676673230717 -2.0619112406288003 0.7562501556772464 0.023563594687180167 0.05719846117316196 0.1474373748205844 1.587307184534972e-11 0.7071035623602522 0.7071099999981907 -1.587347150051979e-11 1
box 3.146795576132264 -2.0619101069018133 0.7562501556772464 0.023563594687180167 0.05719846117316152 0.1474373748205844 1.587307184534972e-11 0.7071035623602522 0.7071099999981907 -1.587347150051979e-11 1
box 2.5241594162499843 -2.0619168446620013 0.8440780241485666 0.04712505105435172 0.05033439531534245 1.3787377028985133 0.4999977239573232 0.4999977239348751 0.5000022760547644 0.500002276032316 1
box 2.773213431980778 -1.3785678273972946 0.670341803525846 0.022703882773899897 1.327160169018211 2.0080895222037523 0.7071384034948787 9.155432293749894e-05 0.7070751447582571 9.790613041501106e-05 1
box 2.7732013252977215 -0.7158698041457113 0.6641014667801768 0.058974678398798 0.08836028831985376 1.9733678515169535 3.2188366518586518e-06 0.7071067811792211 3.2188049052805923e-06 -0.7071067811792217 1
box 3.7765742474553874 -1.3785742779655443 0.6641014668099299 0.058974678398798 0.0714993868719298 1.378444220563462 0.49999772393359554 -0.5000022760560434 0.4999977239560438 0.5000022760335955 1
box 2.77321339224246 -2.041295952331029 0.6641014668396839 0.058974678398798 0.08836236374809747 1.9733678515169533 3.2188366518586518e-06 0.7071067811792211 3.2188049052805923e-06 -0.7071067811792217 1
box 1.7698403683154615 -1.3785925476721266 0.6641014668099308 0.058974678398798 0.07149928509286352 1.3784442205634615 0.5000022760560435 0.49999772393359515 0.5000022760335956 -0.49999772395604386 1
box 1.7579278410641082 -1.378591614474598 0.8133819362181709 0.09819756239340016 0.26170716306828234 1.4762173482908825 0.7071067808532636 -0.707106780531627 -3.134435201934682e-05 -2.0373116220579e-05 1
box 3.7884905405129707 -1.3785731003105224 0.8133818575139858 0.09818015839540895 0.2617007392033299 1.4762164084811458 0.707106781163992 -0.7071067811957384 -3.0741316003890518e-06 3.0741316005883404e-06 1
box 2.7732187878635104 -1.3785413970825728 0.7089565358432809 0.08228415888204399 1.3272530325511924 2.0081643646885947 0.7071073920686493 -1.4312393779616036e-05 0.7071061675514784 6.072635178536847e-05 1
box 1.75315745624215 -1.378592699573823 0.28260770561601306 0.03813335916579197 0.26170073920333 1.3784442205634617 3.2188207786616515e-06 3.2188207784305534e-06 -0.7071067811950946 -0.7071067811633478 1
box 1.757934110395307 -2.0560319313316366 0.43105772785415336 0.09861478682774494 0.12186552868982203 0.5418780861844072 1.438896910625673e-05 -1.7052275109138844e-05 -0.9999999997510888 -5.487680589201228e-10 1
box 1.7579180094656648 -0.7011513055459269 0.42803635286269315 0.09861744026956165 0.12188569456633602 0.535805922367453 0.9999999955480043 7.620177928527066e-07 6.166422490405665e-07 9.435586933692028e-05 1
box 3.7884843729605877 -0.7011327559718422 0.4287701906769932 0.09860355931063491 0.12185916674740083 0.5372748965981891 7.62052552033449e-07 -0.9999999999900183 -4.359181476340982e-06 -6.166353118550692e-07 1
box 3.788496708065354 -2.056013444683639 0.43097301263778964 0.09860355931069442 0.12185914668540732 0.5416802890949877 2.2448198312905657e-11 0.9999999999896392 4.552099998737421e-06 -1.6341973434852654e-16 1
box 3.1467831337748233 -0.6952488472600629 0.22547602339396053 0.02356145636717144 0.05719846117316196 0.14743737482058453 1.5873392995360803e-11 0.7071099999981904 -0.7071035623602524 1.5873268107800454e-11 1
box 3.0222552249656314 -0.6952499809870504 0.22547602339396053 0.02356145636717155 0.05719846117316196 0.14743737482058447 1.5873392995360803e-11 0.7071099999981904 -0.7071035623602524 1.5873268107800454e-11 1
box 2.897728168555545 -0.6952510518145122 0.22547602339396058 0.023561456367171663 0.05720016597247879 0.14743743845810978 4.6249696155875127e-07 0.7071099999980391 -0.707103562360101 -4.624610048713556e-07 1
box 2.7732011073757104 -0.6952522484255476 0.22547602339396064 0.02356145636717144 0.05719844845077926 0.1474373748205845 1.587307184534972e-11 0.7071035623602522 0.7071099999981907 -1.587347150051979e-11 1
box 2.6486740430147067 -0.6952533821448469 0.2254760233939607 0.023561456367171663 0.05720015325013694 0.1474373748205845 0.7071035623602523 -1.5872973714960427e-11 1.587319164997325e-11 0.7071099999981904 1
box 2.5241469993275762 -0.6952545158639581 0.22547602339396075 0.02356145636717155 0.057198435728395225 0.1474373748205845 1.5873392995360803e-11 0.7071099999981904 -0.7071035623602524 1.5873268107800454e-11 1
box 2.399619930195679 -0.6952556495833008 0.22547602339396078 0.023561456367171663 0.057200140527753796 0.14743737482058447 1.5873402808394e-11 0.7071099999981904 -0.7071035623602523 1.587316016398859e-11 1
box 2.2750929119533154 -0.6952567833021804 0.2254760233939609 0.02356145636717144 0.05719846117316196 0.14743737482058453 1.5873392995360803e-11 0.7071099999981904 -0.7071035623602524 1.5873268107800454e-11 1
box 2.1505650031441226 -0.695257917029168 0.22547602339396086 0.02356145636717155 0.05719846117316241 0.14743737482058447 1.5873392995360803e-11 0.7071099999981904 -0.7071035623602524 1.5873268107800454e-11 1
box 2.026037908567459 -0.6952590507487422 0.22547602339396094 0.02356145636717144 0.05720014052775402 0.1474373748205845 1.5873392995360803e-11 0.7071099999981904 -0.7071035623602524 1.5873268107800454e-11 1
box 1.9015108139907961 -0.6952601844683167 0.225476023393961 0.02356145636717144 0.05719851206269544 0.1474373748205845 1.5873392995360803e-11 0.7071099999981904 -0.7071035623602524 1.5873268107800454e-11 1
box 2.5241469738822375 -0.6952544529684818 0.3133039115413266 0.04712505105435161 0.05033439531534256 1.378737702898513 0.4999977239573232 0.4999977239348751 0.5000022760547644 0.500002276032316 1
box 1.901523256348809 -2.0619215070256622 0.22547602345531942 0.023563594687180167 0.05719851206269477 0.14743737482058447 0.7071035623602523 -1.5873130722893355e-11 1.5873413694578176e-11 0.7071099999981904 1
box 2.026050350925473 -2.0619203733060876 0.22547602345531936 0.023563594687180167 0.057200140527753796 0.14743737482058447 1.587307184534972e-11 0.7071035623602522 0.7071099999981907 -1.587347150051979e-11 1
box 2.1505774455021363 -2.061919239586514 0.2254760234553193 0.023563594687180167 0.05719846117316196 0.14743737482058444 1.587307184534972e-11 0.7071035623602522 0.7071099999981907 -1.587347150051979e-11 1
box 2.2751053543113287 -2.061918105859527 0.22547602345531925 0.023563594687180167 0.05719846117316152 0.14743737482058447 1.5873402808394e-11 0.7071099999981904 -0.7071035623602523 1.587316016398859e-11 1
box 2.3996323725536928 -2.0619169721406467 0.22547602345531922 0.023563594687180167 0.05720014052775424 0.1474373748205845 1.5873392995360803e-11 0.7071099999981904 -0.7071035623602524 1.5873268107800454e-11 1
box 2.524159441685589 -2.061915838421304 0.2254760234553192 0.023563594687180167 0.05719843572839567 0.14743737482058453 0.7071035623602523 -1.5873130722893355e-11 1.5873413694578176e-11 0.7071099999981904 1
box 2.648686485372719 -2.0619147047021933 0.2254760234553191 0.023563594687180167 0.05720015325013739 0.14743737482058458 1.5872342995984398e-11 0.7071099999981904 -0.7071035623602523 1.587210035157899e-11 1
box 2.7732135497337227 -2.061913570982893 0.22547602345531906 0.023563594687180167 0.057198448450778816 0.14743737482058447 1.5873402808394e-11 0.7071099999981904 -0.7071035623602523 1.587316016398859e-11 1
box 2.897740610913557 -2.0619123743718575 0.22547602345531906 0.023563594687181055 0.05720016597247879 0.14743743845810994 0.7071035623601012 4.624610053816353e-07 4.624969630606657e-07 0.7071099999980394 1
box 3.0222676673236446 -2.0619113035443957 0.22547602345531895 0.023563594687180167 0.05719846117316152 0.14743737482058444 1.587307184534972e-11 0.7071035623602522 0.7071099999981907 -1.587347150051979e-11 1
box 3.146795576132837 -2.0619101698174083 0.2254760234553189 0.023563594687180167 0.05719846117316196 0.14743737482058447 1.5873402808394e-11 0.7071099999981904 -0.7071035623602523 1.587316016398859e-11 1
box 2.5241594162499843 -2.0619168446858316 0.31330391160268506 0.04712505105435172 0.05033439531534256 1.3787377028985133 0.4999977239573232 0.4999977239348751 0.5000022760547644 0.500002276032316 1
box 2.7732129521941338 -1.3784462379901001 0.14036862411136578 0.028325845707636854 1.3281379946422325 2.0080944228683935 0.7071373918621994 0.0012263851898789552 0.707074030436781 0.001233082145956175 1
box 2.77321339224246 -2.041295952354859 0.13332766911053964 0.058975367060410636 0.08836236374809747 1.9733678515169533 3.2188366518586518e-06 0.7071067811792211 3.2188049052805923e-06 -0.7071067811792217 1
box 1.769840368315461 -1.3785925476959568 0.13332766908078653 0.05897536706041051 0.0714992850928664 1.3784442359931437 0.4999976216448686 0.5000023783438184 -0.4999976216224201 0.5000023783662664 1
box 2.7732013252977215 -0.7158698041695413 0.13332766905103255 0.058975367060410636 0.08836028831985365 1.9733678515169535 3.2188366518586518e-06 0.7071067811792211 3.2188049052805923e-06 -0.7071067811792217 1
box 3.7765742474553865 -1.3785742779893746 0.1333276690807857 0.058975367060410566 0.0714993868719298 1.3784442205634622 0.4999977239560436 0.5000022760335954 -0.4999977239335953 0.5000022760560434 1
box 3.7884843729605886 -0.7011327559873222 0.08397957489647914 0.09860528954856962 0.12185914668540765 0.1679586258714188 0.999999999971007 -5.023642612144133e-11 6.1044111380192945e-06 4.552100000409146e-06 1
box 3.7884967080653538 -2.056013444699099 0.08663041058831171 0.09860355931063447 0.12185916674740116 0.17325944583358907 7.620974481356986e-07 0.9999999999900182 4.3591814763132995e-06 -6.166353122728273e-07 1
box 1.7579303445698584 -2.056031931381544 0.08309659271378281 0.09860355931063425 0.12185916674740116 0.1661918100845176 0.9999999999882618 -7.620918346677628e-07 -6.166422497067003e-07 4.7450185230195045e-06 1
box 1.7579180094227214 -0.7011465886789734 0.08461090051074571 0.09860355931064846 0.12186295307420947 0.16923025997271593 0.9999999990755566 4.277128393004051e-05 -5.39364216844973e-07 4.38331674184467e-06 1
box 3.793258075540294 -1.3785741260897646 0.28260770561601223 0.03813173070073317 0.26170073920333 1.378444220563462 3.2188207786616663e-06 3.218820778430555e-06 -0.707106781195095 -0.707106781163348 1
box 2.7732034689724405 -1.3785906808051207 0.17973826728845224 0.07946329483365117 1.327240300779559 2.008173388819505 0.7071493243837705 3.982376288040516e-05 0.7070642328012452 4.6160928805254325e-05 1
box 2.488174676601464 -2.5229030895479725 0.37504386125907774 0.0029994317360007017 0.017991098122038807 0.021679241840718233 2.244829322428643e-11 1.0 0.0 -9.184850993605148e-17 1
box 2.223135881380435 -2.52288381696551 0.37512183633891555 0.0029992146930286623 0.017991098122038807 0.021679979740485078 2.244829322428643e-11 1.0 0.0 -9.184850993605148e-17 2
box 2.2231359962855377 -2.581554301341824 0.08088172717388019 0.009513631827075208 0.052376066050501935 0.1684161532217805 3.3306690738754696e-16 5.002337241017095e-17 0.9374049703925909 -0.3482411829225052 2
box 2.2231364559059497 -2.4633656261737675 0.07589634418268915 0.009516669721307824 0.049159964513076915 0.14627288315241027 8.504144205156498e-06 1.9053720878671212e-05 0.40757166671921163 -0.9131732234643977 2
box 2.4881745616963613 -2.585813329069274 0.07276601918926383 0.009513414784103169 0.049145464130965655 0.1371143778083299 0.40777506191858104 0.9130824162567677 -0.0 -8.386525938255414e-17 2
box 2.4881745999980622 -2.4608366029002386 0.07144885708642432 0.009513942238827955 0.0471638325735686 0.1289795097440758 0.8954499599621755 0.44516218295669363 -2.8968482463920253e-06 7.783209608181506e-06 2
box 2.4881745999980627 -2.541960266856187 0.3393208780165356 0.00951411938284874 0.028962879796737617 0.48612229052219064 0.9999052761890023 -0.013763660655005982 1.9240193682712459e-07 1.716776360100783e-05 2
box 2.4881747532048664 -2.503278026802225 0.336127379985092 0.009517386350487378 0.03191766193924517 0.49365496033454387 8.133873658935422e-05 1.42653794573764e-06 -0.017018478267023407 0.9998551719021359 2
box 2.2231359962855377 -2.541314781329522 0.3519541405350262 0.009513631827075208 0.024260012451760904 0.45920569847371073 0.0 1.3308316844943269e-16 0.00740851705124379 0.9999725565609793 2
box 2.2231359962855377 -2.5036989626904687 0.3443284200205667 0.009513631827075208 0.031374488103859566 0.47726892039178853 1.1102230246251565e-16 0.0 -0.999860660271269 -0.016693113607199356 2
box 2.3571 -2.524499999973518 0.5898507125415035 0.02069846016290866 0.35982229676632205 0.35991857680174144 0.707107362902086 -6.407435218145359e-07 -0.7071061994702276 1.351166503432581e-07 2
box 1.0208291783548675 -1.4506749499245275 0.45264609239845477 0.02865451833850924 0.3342960513118628 1.1532492063653685 0.4974076985656941 -0.4974121893886416 -0.5025744526667456 -0.5025789637279882 2
box 1.0105597248272744 -1.05681832348794 0.9104499856294318 0.008179844068317399 0.28846094920376386 0.3526621998575531 0.49999787166482645 -0.5000022860751158 -0.4999979832231266 -0.5000018590196518 2
box 1.0261615091422 -1.0456971131932247 0.7741049963068642 0.014542756014418456 0.3220151369722537 0.6564057421896928 0.00018674957830217099 -0.7071099753376667 -0.7071035376999453 0.00018674790985181823 3
box 1.0208659023982114 -1.45786440389775 1.104501830509926 0.030867439189019796 0.33425868587788987 1.1509187603802846 0.5000001690971273 -0.4999949407139332 0.5000047899768134 0.5000001001635473 3
box 1.0208969036238957 -1.4578650440786451 0.03101449793195195 0.062097999132997815 0.33399597944497217 1.151036910809078 0.49990776924611996 0.5000922137439934 0.49990776922366786 -0.500092213766438 3
box 0.8670583334367187 -1.4571314667070367 0.5797260175704854 0.06154945787467336 1.0796813218218415 1.1516603203501385 0.009142196976894041 -0.010584825706252732 -0.7070346716009585 0.7070405609675645 3
box 1.0199398796734838 -1.2460923850116765 0.5797810048165738 0.041755559304348155 0.34003466812664307 1.0750041493871338 0.6893890207886061 7.155814127647165e-05 -8.642579108364412e-05 0.7243913068405372 3
box 1.0208610461966976 -1.584909776534183 0.5815637992646898 0.025196259053198222 0.3342775544886728 1.0761742164680612 0.7070159708724699 1.4411786263892767e-06 1.4415805683620775e-06 0.7071975798368545 3
box 1.0169625706042726 -2.032692353979245 0.5803108891240821 0.032659446645488144 0.328151261162025 1.0805786654065332 0.0041851929110044645 0.733957622462627 0.679182243299646 0.00041590355361319415 3
box 1.0152709033906595 -0.8768884024199777 0.5798265241830171 0.015858482545240804 0.32511847016908135 1.0796010823886835 0.6978631710478085 -0.0002614081558280788 0.00032106736136583436 0.716230984443303 3
box 1.1779169481279317 -1.0572870671261014 0.7741141989734148 0.0024720618372537917 0.34976104488291393 0.6545071866444023 4.095256221720198e-17 4.5521000002917326e-06 0.9999999999896394 -2.2448293224053857e-11 3
box 1.1777804247143393 -1.0572870658831668 0.7740696840600666 0.019360831809294377 0.34976105523449397 0.6563101090790453 3.6034596664845936e-07 -4.959096559624394e-06 -0.9999999999876167 2.111110650763931e-07 3
box 1.0105597248272742 -1.0568183234983968 0.6775420448873294 0.00817982417782881 0.28846094920375587 0.35266219985755076 0.49999787166482657 -0.5000022860751154 -0.49999798322312694 -0.5000018590196519 3
box 1.2083156728244255 -1.83228086356561 0.7009224257567305 0.019068921150948936 0.02201139625751769 0.05581254070439545 0.5547647784186794 -0.5008148037596543 -0.5470276807639989 0.37706934301161793 3
box 1.1805377881542705 -1.924695351120066 0.774991608242746 0.01030111443384052 0.21725959106414994 0.6592502460205201 4.552100000291735e-06 0.0 2.2448154446408353e-11 0.9999999999896393 3
box 1.2083160582097376 -1.7987557990343308 0.6807842741142861 0.020030006793537947 0.02323608956472345 0.05507040711711797 0.31512604845199227 0.5823841923354471 0.2570489326422273 0.7038821437799896 3
box 1.1805397832905586 -1.7055507488756811 0.7749916082329074 0.010301114433840075 0.2172603894096754 0.6592502460205201 9.375817645386105e-17 4.552100000100303e-06 0.9999999999896392 -2.244820130561684e-11 3
box 1.208316037411161 -1.7988389443926103 0.23383444144641394 0.020029408351019073 0.023235433981623865 0.0550698069135902 0.7038851361753659 0.2570540382388191 0.5823821512567704 0.31511897180912235 3
box 1.1805397832905586 -1.7055507488995907 0.24244193101410963 0.010301114433840075 0.2172603894096754 0.4022273156608216 9.375817645386105e-17 4.552100000100303e-06 0.9999999999896392 -2.244820130561684e-11 3
box 1.2083156728239974 -1.832280910547106 0.2555757532046909 0.019068920785785703 0.022011397563153845 0.055812542848604485 0.5547646441862946 0.5008149791767937 0.5470275786880693 0.3770694556015775 3
box 1.1805377881542702 -1.9246953511439757 0.24244193102394848 0.010301114433840075 0.21725959106415016 0.4022273156608216 7.161463113370408e-17 4.5520999998782585e-06 0.9999999999896388 -2.244810800186454e-11 3
box 1.010556407164002 -1.4212285156822384 0.23267185563474105 0.008178942366170228 0.2884609492033987 0.3526622233381991 0.49999787166482645 -0.5000022860751155 -0.4999979832231265 -0.5000018590196522 3
box 1.010556407164002 -1.421228515649762 0.9560316921957341 0.008179844068317399 0.28846094920376386 0.35266222333830455 0.49999787166482657 -0.5000022860751154 -0.49999798322312694 -0.5000018590196519 3
box 1.010556407164002 -1.4212285156569961 0.7948961394430397 0.008178942366170228 0.2884609492033987 0.3526622233381995 0.49999787166482645 -0.5000022860751155 -0.4999979832231265 -0.5000018590196522 3
box 1.0105564071640025 -1.4212285156644517 0.6288368421163486 0.00817982417782881 0.288460949203756 0.3526622233383021 0.5000022860751154 0.4999978716648265 -0.5000018590196519 0.4999979832231268 3
box 1.010559728098008 -1.0564590680269532 0.3436703821361468 0.008179830807991617 0.28846094920375853 0.35266219985755165 0.5000022860751157 0.4999978716648266 -0.5000018590196516 0.49999798322312655 3
box 1.0105597280980079 -1.0564590680314883 0.24266128329256462 0.00817981754766589 0.2884609492037532 0.3526621998575502 0.49999787166482645 -0.5000022860751158 -0.4999979832231266 -0.5000018590196518 3
box 1.2083229904367012 -1.0461294790675955 0.1321808376991045 0.020030540375842065 0.023236886367309473 0.055071006531411726 0.7038917665326114 -0.2570533520112466 -0.5823759879138308 0.31511611182034305 3
box 1.1805457196360634 -1.0535060327556944 0.1421117873373344 0.010301114433840075 0.1974878339351463 0.35794558928672116 3.2188207786390162e-06 3.2188207785810944e-06 0.7071067811950947 0.7071067811633477 3
box 1.2083229603368413 -1.0472342718634442 0.29652210070853907 0.019069659520150717 0.022011467513300298 0.05581257174712584 0.37707816520023696 0.5470295599919967 0.5008106750133843 0.554760656154367 3
box 1.1805457196360634 -1.0535060327488976 0.2934964391543759 0.010301114433840075 0.09724400174757478 0.35794558928672104 3.2188207786390162e-06 3.2188207785810944e-06 0.7071067811950947 0.7071067811633477 3
box 1.2083229603368413 -1.0472342718589132 0.39744578979433914 0.01906965765841484 0.022011467864254675 0.05581256926625866 0.547029585070447 -0.37707818770701823 -0.5547606362449828 0.5008106527284614 3
box 1.1805457196360634 -1.0535060327443435 0.39493358131129563 0.010301114433840075 0.09724400174757475 0.35794558928672116 3.2188207786390162e-06 3.2188207785810944e-06 0.7071067811950947 0.7071067811633477 3
box 3.5022252241392677 -0.2726971771267434 0.33005194773930985 0.018458371589153533 0.03975361917178 0.2805878152021468 9.092075335517138e-08 -0.9999999999879232 -4.911877557984243e-06 1.3723604264467555e-07 3
box 3.737566241063078 -0.27269503453505695 0.3300519477393098 0.018457988226379562 0.03975361917162551 0.2805878152019345 0.9999999999879231 9.092075327714117e-08 1.3723604208593088e-07 4.911877563541823e-06 3
box 3.622556746351119 -0.26326310182766616 0.4520571137393861 0.012728675080956292 0.03410444181191852 0.29898441120582 0.485169825413353 0.5144004235382084 0.4844886252238184 0.5150468103006006 3
box 3.619896509225898 -0.5566191030719834 0.4510935127964564 0.0127468771342234 0.028585130259136615 0.2936353118816619 0.5000400829075421 -0.4999553614018706 -0.49995991308508536 0.5000446354069775 4
box 3.737568746696874 -0.5479123843496971 0.3300519477516661 0.01845798822637912 0.039753626870056236 0.28058781520194276 9.0922002914916e-08 -0.9999999999911988 -4.192322441044541e-06 -1.3723521336109274e-07 4
box 3.502227729773064 -0.5479145269413837 0.33005194775166613 0.018458371589154865 0.03975361942108657 0.2805877625130019 1.021871905170167e-16 4.552099999866816e-06 -0.9999999999896394 2.244820018645062e-11 4
box 3.6198981394900125 -0.5479134556474832 0.3068028722990183 0.022447265407926076 0.039753644853585124 0.2861006646204429 0.707106781176932 -2.7500573008562667e-06 0.7071067811812002 3.6875842586482724e-06 4
box 3.7375687537864217 -0.5486910960375148 0.2233503573126568 0.031220490346323154 0.037907648696316354 0.04268803204984373 0.5000819132645732 0.49991765753514317 -0.4999138801700519 0.5000865206377219 4
box 3.618721058382249 -0.5471940172134121 0.050272660467455536 0.022095293342360045 0.025108697709451927 0.19620426070138963 0.49897412936001645 0.5011420895107769 0.4989132988281193 0.5009660114245579 4
box 3.7354261460576654 -0.5468879428741443 0.05647383475104051 0.039768757025033796 0.045135679896896264 0.09407823004792992 0.5174301831561986 -0.522880249264373 -0.48124288048518626 -0.47672585462767825 4
box 3.5035612424834 -0.5469378148841376 0.05219792488479102 0.03250065968201822 0.04090311846215444 0.09851735196083672 0.5030786980643241 0.4908269652419857 -0.49670949468513403 0.5091958283753767 4
box 3.5022275308481667 -0.5477569092735711 0.22394745891669288 0.030078670293896187 0.037907643029369886 0.041851009494438984 0.4865986844047676 -0.5130507480247443 -0.5130554859327437 -0.4865950252942545 4
box 3.6198956338562156 -0.272696105832843 0.30680287733222156 0.02244726540792613 0.03975363715515373 0.2861006646204429 0.707106781176932 -2.750057300326359e-06 0.7071067811812002 3.68758425768659e-06 4
box 3.737601606158515 -0.2730008004965408 0.2254621863262385 0.035018193835521016 0.03966953941465823 0.04254411433303945 0.49918690460355475 -0.4704740310611108 0.5002894702623307 0.5283720907789006 4
box 3.7318451807511606 -0.2728901494754579 0.05373990840686635 0.036196451697321275 0.05048281147469602 0.09708471355284648 0.49754352856433076 -0.48364404322394916 0.5022355262346259 0.516041037927774 4
box 3.6183901396726768 -0.2757887178177256 0.05026462792452312 0.024173331163996524 0.026296886231177596 0.1956721061315574 0.001146273650639849 -0.7071058520877321 0.0009128212436659844 0.7071061919947932 4
box 3.5049831282936186 -0.2718574225842994 0.051047476756395496 0.03048422860254789 0.043424517483080294 0.09582935563635875 0.4921031714380599 -0.5077903489893834 -0.5077785712702471 -0.4920816524649035 4
box 3.5022253020068073 -0.2723180294085027 0.2268937730184072 0.03513641213147789 0.037912981313060534 0.04321222127984481 0.5190609598246941 0.4803012916173887 -0.48018442339506207 0.5189501987525267 4
box 3.502225317734857 -0.3046698384703873 0.15296798077537985 0.015285159358761957 0.03790762602760367 0.30388278504859656 0.055356499917868875 0.704933448943689 0.7049398614296771 -0.05535595943262622 4
box 3.5022247326522526 -0.2404047075858636 0.15354975396676715 0.014476934496355148 0.037907626004288986 0.30364638231643415 0.05534413272744398 -0.7049344117141465 -0.7049408350043767 -0.05534366537562448 4
box 3.737565735597424 -0.30394368925112264 0.15219136825485838 0.016973434577687074 0.03791770398422001 0.3052539696829111 0.05532149213962806 0.7048395140722468 0.7050386632221363 -0.055328792430233434 4
box 3.7375659438780917 -0.24005240956102344 0.15392689944934945 0.013663146432453782 0.037907631789552365 0.30299024809408387 0.704932980575611 0.05536246410933646 -0.055361923569334115 0.7049393930567587 4
box 3.7375684493009937 -0.5152465947970735 0.1537803965956385 0.01366313781137346 0.0379076341458946 0.3026929623314585 0.055362305357898996 -0.7049329599778266 -0.704939415650052 -0.055362056910138194 4
box 3.7375690434533424 -0.5805079411329954 0.15369651921719765 0.01383120675161964 0.03790763139682829 0.30282508020511034 0.7049343277484691 -0.055345254858984026 0.055344750987009084 0.7049407456407909 4
box 3.502227821886851 -0.579724428058816 0.15279172930276447 0.015666114085826188 0.03790762558830085 0.3041892544899695 0.05534457526954203 0.7049343811025653 0.7049407989953719 -0.05534407140375467 4
box 3.502227238119099 -0.5156037197380934 0.15336912294849958 0.014492807504075556 0.037907627671150745 0.3033060216638316 0.05536220339981972 -0.7049329762513644 -0.7049394211258535 -0.05536188193023429 4
box 3.6198999999999995 -0.4102999999784527 0.47993266958552183 0.040261778798486914 0.3709336644728176 0.4597980935381083 0.4999980636648034 -0.5000023505234038 0.4999970244455403 0.500002561341564 4
moveable 3.3843610537081346 0.14079128615181224 1.1645357016318185 0.8881224032225621 1.6413547267726094 0.059383827107430134 0.7071067812024209 0.7071067811706743 -0.0 -0.0 0
path arc 3.834795674839035 0.14079128615181224 1.1645357016318185 2.933926432577234 0.14079128615181224 1.1645357016318185 0.9008692422618013 1.57079632675 0.0 4.489658644857286e-11 1.0 
moveable 2.491238946291866 0.14079128615181224 1.1645357016318185 0.8881224032225622 1.6413547267726094 0.059383827107430134 0.7071067812024209 0.7071067811706743 -0.0 -0.0 0
path arc 2.0493748051757716 0.14079128615181224 1.1645357016318185 2.93310308740796 0.14079128615181224 1.1645357016318185 0.8837282822321886 -1.57079632675 0.0 4.489658644857286e-11 1.0 
moveable 2.9378 0.3646982520667764 2.2648833234799572 1.7812445106388308 0.5043261890709048 0.4838332900467703 0.7071067812024209 0.7071067811706743 -0.0 -0.0 0
path line 2.9378 -0.11913503797999386 2.26488332350168 2.9378 -0.5117079034112474 2.264883323519305
